id_client,prenom,nom,email
1,Yutarea,Kelmont,yutarea.kelmont63@courrier.test
2,Zonelea,Dorsac,zonelea.dorsac@exemple.org
3,Karisel,Wentier,karisel.wentier@exemple.org
4,Kanori,Falkan,kanori.falkan@mail.example
5,Rilonea,Dunmer,rilonea.dunmer@exemple.org
6,Lomarin,Rossac,lomarin.rossac@exemple.org
7,Kavinel,Brendis,kavinel.brendis@courrier.test
8,Somonia,Rosdis,somonia.rosdis15@exemple.org
9,Badania,Wengren,badania.wengren@exemple.org
10,Eldania,Permont,eldania.permont@exemple.org
11,Yunelu,Ostsen,yunelu.ostsen@exemple.org
12,Elvalia,Havvoir,elvalia.havvoir@courrier.test
13,Kamono,Pergren,kamono.pergren@mail.example
14,Sorisin,Corbert,sorisin.corbert@mail.example
15,Serela,Brenkan,serela.brenkan40@mail.example
16,Tatarel,Dunvane,tatarel.dunvane@mail.example
17,Minorea,Tardal,minorea.tardal@exemple.org
18,Jusolin,Dunvoir,jusolin.dunvoir@mail.example
19,Setarea,Perbert,setarea.perbert@courrier.test
20,Sokenel,Corlin,sokenel.corlin@mail.example
21,Rimarin,Ostner,rimarin.ostner@courrier.test
22,Lotaru,Nevmont,lotaru.nevmont73@courrier.test
23,Sonelin,Nevlin,sonelin.nevlin@mail.example
24,Kamare,Tarver,kamare.tarver@courrier.test
25,Bamaru,Sorbert,bamaru.sorbert@courrier.test
26,Malisea,Tornet,malisea.tornet@exemple.org
27,Vedare,Brenvane,vedare.brenvane@courrier.test
28,Venele,Nevbel,venele.nevbel@courrier.test
29,Madaru,Kelsac,madaru.kelsac37@exemple.org
30,Duvalan,Nevtier,duvalan.nevtier@courrier.test
31,Mivine,Wenbert,mivine.wenbert@exemple.org
32,Basolo,Roslin,basolo.roslin@mail.example
33,Arboria,Galdal,arboria.galdal@exemple.org
34,Tavalia,Nevmont,tavalia.nevmont@exemple.org
35,Rikenel,Valdis,rikenel.valdis@exemple.org
36,Dudaru,Havtier,dudaru.havtier98@exemple.org
37,Navalia,Dorkan,navalia.dorkan@exemple.org
38,Losolea,Faltier,losolea.faltier@courrier.test
39,Venela,Monmer,venela.monmer@exemple.org
40,Rimaru,Kelnet,rimaru.kelnet@exemple.org
41,Banela,Rosdal,banela.rosdal@mail.example
42,Fevalu,Sortier,fevalu.sortier@exemple.org
43,Bakenia,Tordal,bakenia.tordal23@exemple.org
44,Bamonin,Vallais,bamonin.vallais@mail.example
45,Sonelel,Brenvane,sonelel.brenvane@exemple.org
46,Arsene,Falbel,arsene.falbel@courrier.test
47,Elrisan,Brentier,elrisan.brentier@courrier.test
48,Nataran,Rosmer,nataran.rosmer@exemple.org
49,Yuborel,Wenmer,yuborel.wenmer@mail.example
50,Orkeni,Torbel,orkeni.torbel63@courrier.test
51,Tavinin,Cordis,tavinin.cordis@mail.example
52,Kavale,Torner,kavale.torner@exemple.org
53,Venelel,Tormont,venelel.tormont@mail.example
54,Magaria,Kelver,magaria.kelver@exemple.org
55,Felisea,Rosner,felisea.rosner@courrier.test
56,Sonelea,Rosmar,sonelea.rosmar@courrier.test
57,Feneli,Brenrand,feneli.brenrand20@courrier.test
58,Armaria,Lantier,armaria.lantier@exemple.org
59,Risoli,Sorrand,risoli.sorrand@courrier.test
60,Sevinel,Valbel,sevinel.valbel@exemple.org
61,Solonea,Sormar,solonea.sormar@exemple.org
62,Kaboria,Nevrand,kaboria.nevrand@exemple.org
63,Mavinu,Galbel,mavinu.galbel@exemple.org
64,Piteli,Permont,piteli.permont45@exemple.org
65,Ortelea,Landal,ortelea.landal@exemple.org
66,Vemaro,Torbel,vemaro.torbel@exemple.org
67,Dumarea,Dunvoir,dumarea.dunvoir@mail.example
68,Serelia,Havtier,serelia.havtier@exemple.org
69,Badaru,Sorbert,badaru.sorbert@courrier.test
70,Fedari,Dundal,fedari.dundal@exemple.org
71,Mamarin,Monbert,mamarin.monbert78@mail.example
72,Ribora,Lanmer,ribora.lanmer@courrier.test
73,Taboria,Pernet,taboria.pernet@exemple.org
74,Orborea,Falsen,orborea.falsen@exemple.org
75,Marisea,Faldal,marisea.faldal@exemple.org
76,Zosole,Brenmar,zosole.brenmar@mail.example
77,Pikenia,Roslin,pikenia.roslin@courrier.test
78,Segare,Ravsen,segare.ravsen52@exemple.org
79,Fevinia,Tarvoir,fevinia.tarvoir@mail.example
80,Ormonu,Ravdal,ormonu.ravdal@exemple.org
81,Rinelin,Monmar,rinelin.monmar@courrier.test
82,Jumone,Ostmer,jumone.ostmer@mail.example
83,Piloni,Tarner,piloni.tarner@exemple.org
84,Bavina,Havsen,bavina.havsen@courrier.test
85,Mivenel,Ravvane,mivenel.ravvane63@exemple.org
86,Arveni,Havvoir,arveni.havvoir@mail.example
87,Kaseni,Brensen,kaseni.brensen@exemple.org
88,Sodaran,Dordal,sodaran.dordal@exemple.org
89,Ardanel,Ostnet,ardanel.ostnet@exemple.org
90,Balonan,Ravner,balonan.ravner@mail.example
91,Kasolan,Havlais,kasolan.havlais@mail.example
92,Pisolia,Sorgren,pisolia.sorgren85@exemple.org
93,Jusolo,Kelbel,jusolo.kelbel@exemple.org
94,Lomoni,Cordis,lomoni.cordis@mail.example
95,Masenia,Torbert,masenia.torbert@courrier.test
96,Rimaria,Havbel,rimaria.havbel@exemple.org
97,Rinoru,Perkan,rinoru.perkan@courrier.test
98,Sorele,Langren,sorele.langren@exemple.org
99,Loneli,Sorner,loneli.sorner66@exemple.org
100,Sevalea,Ravmont,sevalea.ravmont@mail.example
101,Sodanel,Havmont,sodanel.havmont@courrier.test
102,Sevinin,Valvoir,sevinin.valvoir@courrier.test
103,Semone,Nevbert,semone.nevbert@exemple.org
104,Sosole,Perkan,sosole.perkan@courrier.test
105,Fevinu,Vallin,fevinu.vallin@exemple.org
106,Jurisu,Sormer,jurisu.sormer29@mail.example
107,Rimara,Targren,rimara.targren@mail.example
108,Rivena,Osttier,rivena.osttier@mail.example
109,Rilisa,Brenkan,rilisa.brenkan@exemple.org
110,Sonorea,Langren,sonorea.langren@exemple.org
111,Pirisea,Langren,pirisea.langren@courrier.test
112,Febore,Monkan,febore.monkan@exemple.org
113,Fevino,Gallin,fevino.gallin66@mail.example
114,Jukenia,Nevvoir,jukenia.nevvoir@courrier.test
115,Orkenia,Permar,orkenia.permar@courrier.test
116,Milise,Monvane,milise.monvane@exemple.org
117,Sogaria,Corner,sogaria.corner@exemple.org
118,Jumarin,Mongren,jumarin.mongren@mail.example
119,Vevenel,Dorbert,vevenel.dorbert@exemple.org
120,Mibora,Nevbert,mibora.nevbert15@mail.example
121,Balone,Galgren,balone.galgren@courrier.test
122,Ormonan,Brenver,ormonan.brenver@courrier.test
123,Arnori,Galbert,arnori.galbert@exemple.org
124,Rilonea,Tarmer,rilonea.tarmer@mail.example
125,Navenu,Keldis,navenu.keldis@exemple.org
126,Selonu,Nevdis,selonu.nevdis@exemple.org
127,Orkena,Valsac,orkena.valsac80@exemple.org
128,Tatari,Dorver,tatari.dorver@mail.example
129,Lodaria,Sormont,lodaria.sormont@exemple.org
130,Orseno,Rosmer,orseno.rosmer@exemple.org
131,Mavena,Monsac,mavena.monsac@exemple.org
132,Sosola,Valkan,sosola.valkan@exemple.org
133,Mirisea,Torvoir,mirisea.torvoir@courrier.test
134,Kanoru,Ravnet,kanoru.ravnet27@mail.example
135,Karele,Corver,karele.corver@exemple.org
136,Navale,Wensen,navale.wensen@exemple.org
137,Armarin,Wensen,armarin.wensen@courrier.test
138,Orsenin,Galgren,orsenin.galgren@courrier.test
139,Durelel,Ostsac,durelel.ostsac@exemple.org
140,Katarel,Mondal,katarel.mondal@exemple.org
141,Sokene,Ostnet,sokene.ostnet55@exemple.org
142,Durelin,Wendis,durelin.wendis@courrier.test
143,Bavalia,Rosbert,bavalia.rosbert@courrier.test
144,Juliso,Tartier,juliso.tartier@mail.example
145,Ferisa,Wennet,ferisa.wennet@exemple.org
146,Vetari,Monmont,vetari.monmont@exemple.org
147,Kakenan,Ravver,kakenan.ravver@mail.example
148,Lodani,Faltier,lodani.faltier58@exemple.org
149,Fegaria,Corgren,fegaria.corgren@exemple.org
150,Pivale,Kelsen,pivale.kelsen@exemple.org
151,Bamone,Roslais,bamone.roslais@exemple.org
152,Mirelo,Keltier,mirelo.keltier@exemple.org
153,Badanu,Dorner,badanu.dorner@exemple.org
154,Tasenin,Galmont,tasenin.galmont@mail.example
155,Pinela,Perkan,pinela.perkan76@courrier.test
156,Rimonea,Valmar,rimonea.valmar@courrier.test
157,Zovenia,Falmont,zovenia.falmont@courrier.test
158,Sogara,Tarlais,sogara.tarlais@exemple.org
159,Baborel,Lanrand,baborel.lanrand@mail.example
160,Losenu,Havnet,losenu.havnet@mail.example
161,Basena,Kelnet,basena.kelnet@courrier.test
162,Lolise,Perrand,lolise.perrand97@mail.example
163,Fetelel,Nevnet,fetelel.nevnet@exemple.org
164,Risoli,Vallais,risoli.vallais@mail.example
165,Kasolia,Ostmer,kasolia.ostmer@exemple.org
166,Yusenea,Tarner,yusenea.tarner@exemple.org
167,Rivenea,Torkan,rivenea.torkan@mail.example
168,Duveno,Kelver,duveno.kelver@exemple.org
169,Verelin,Wengren,verelin.wengren91@mail.example
170,Ardarin,Sormont,ardarin.sormont@mail.example
171,Dudane,Kelmont,dudane.kelmont@courrier.test
172,Elrisia,Gallais,elrisia.gallais@exemple.org
173,Arriso,Wenkan,arriso.wenkan@courrier.test
174,Pinorin,Dunmont,pinorin.dunmont@mail.example
175,Sobori,Galtier,sobori.galtier@courrier.test
176,Loboran,Nevmar,loboran.nevmar17@courrier.test
177,Velisia,Havmer,velisia.havmer@mail.example
178,Sorelia,Falsen,sorelia.falsen@mail.example
179,Orvinia,Galgren,orvinia.galgren@courrier.test
180,Zovini,Wenvane,zovini.wenvane@courrier.test
181,Tarisia,Torlais,tarisia.torlais@mail.example
182,Madanu,Ostver,madanu.ostver@courrier.test
183,Semaro,Wenbel,semaro.wenbel53@exemple.org
184,Rirela,Tormont,rirela.tormont@courrier.test
185,Elrelan,Havbel,elrelan.havbel@mail.example
186,Elseno,Nevner,elseno.nevner@courrier.test
187,Nagaru,Tarmont,nagaru.tarmont@exemple.org
188,Risenia,Wenvoir,risenia.wenvoir@exemple.org
189,Rilonia,Perkan,rilonia.perkan@exemple.org
190,Armona,Tarlais,armona.tarlais29@exemple.org
191,Kalonel,Valmont,kalonel.valmont@exemple.org
192,Elvine,Dorner,elvine.dorner@courrier.test
193,Tasolo,Sorsen,tasolo.sorsen@exemple.org
194,Bavalea,Ostdal,bavalea.ostdal@courrier.test
195,Ridanin,Dorver,ridanin.dorver@mail.example
196,Jumarin,Kelbel,jumarin.kelbel@courrier.test
197,Ellisea,Dunver,ellisea.dunver83@exemple.org
198,Ridanea,Dunmont,ridanea.dunmont@exemple.org
199,Rimaro,Ravdal,rimaro.ravdal@mail.example
200,Arrisel,Dorsac,arrisel.dorsac@exemple.org
201,Lokena,Kelbert,lokena.kelbert@courrier.test
202,Yulonia,Sorsac,yulonia.sorsac@courrier.test
203,Dutari,Ravbert,dutari.ravbert@mail.example
204,Eldania,Ravsen,eldania.ravsen13@exemple.org
205,Nalonia,Cornet,nalonia.cornet@mail.example
206,Mirisin,Dunkan,mirisin.dunkan@exemple.org
207,Pimarin,Dunvoir,pimarin.dunvoir@courrier.test
208,Bataran,Havmar,bataran.havmar@exemple.org
209,Sonelel,Lanmar,sonelel.lanmar@courrier.test
210,Elvalu,Dunbel,elvalu.dunbel@exemple.org
211,Mibora,Valrand,mibora.valrand48@mail.example
212,Bamonin,Valkan,bamonin.valkan@exemple.org
213,Arrisi,Nevvoir,arrisi.nevvoir@exemple.org
214,Madaru,Wenner,madaru.wenner@exemple.org
215,Dunela,Lanbert,dunela.lanbert@exemple.org
216,Zosolea,Perdis,zosolea.perdis@mail.example
217,Pisolan,Brendis,pisolan.brendis@exemple.org
218,Sotare,Dunlais,sotare.dunlais3@mail.example
219,Karisia,Wenkan,karisia.wenkan@exemple.org
220,Tanelia,Dorlais,tanelia.dorlais@exemple.org
221,Ornori,Dortier,ornori.dortier@exemple.org
222,Semare,Sorvane,semare.sorvane@exemple.org
223,Venorea,Wenver,venorea.wenver@courrier.test
224,Maboru,Havnet,maboru.havnet@exemple.org
225,Kagarin,Wentier,kagarin.wentier75@mail.example
226,Arvalin,Rosvane,arvalin.rosvane@exemple.org
227,Elsoli,Lanvane,elsoli.lanvane@exemple.org
228,Juvenea,Dorvane,juvenea.dorvane@exemple.org
229,Ardaran,Permer,ardaran.permer@exemple.org
230,Soveno,Tarlin,soveno.tarlin@exemple.org
231,Pimarea,Tarkan,pimarea.tarkan@exemple.org
232,Juvinan,Ravmont,juvinan.ravmont39@mail.example
233,Lokenu,Keldis,lokenu.keldis@exemple.org
234,Fevalu,Rosbert,fevalu.rosbert@courrier.test
235,Yulisia,Galver,yulisia.galver@exemple.org
236,Mivenin,Monmer,mivenin.monmer@exemple.org
237,Yugaran,Falgren,yugaran.falgren@mail.example
238,Yukenia,Dorvane,yukenia.dorvane@exemple.org
239,Piseno,Brendal,piseno.brendal9@courrier.test
240,Elmonel,Dorbel,elmonel.dorbel@exemple.org
241,Elvalel,Torver,elvalel.torver@courrier.test
242,Taveni,Lanrand,taveni.lanrand@courrier.test
243,Naneli,Nevmar,naneli.nevmar@courrier.test
244,Vekenan,Ravvoir,vekenan.ravvoir@courrier.test
245,Fevene,Tarbel,fevene.tarbel@mail.example
246,Artaran,Permer,artaran.permer69@courrier.test
247,Dudari,Havmer,dudari.havmer@exemple.org
248,Orvali,Dorbert,orvali.dorbert@exemple.org
249,Dutelan,Havbert,dutelan.havbert@exemple.org
250,Pivinea,Ravnet,pivinea.ravnet@exemple.org
251,Sedani,Torgren,sedani.torgren@courrier.test
252,Dunore,Dorver,dunore.dorver@courrier.test
253,Ritare,Falkan,ritare.falkan24@exemple.org
254,Tanori,Ostgren,tanori.ostgren@exemple.org
255,Loborea,Dorvoir,loborea.dorvoir@courrier.test
256,Badaria,Sordal,badaria.sordal@mail.example
257,Fesolel,Lankan,fesolel.lankan@exemple.org
258,Yusola,Sorvane,yusola.sorvane@mail.example
259,Elrelia,Ostmont,elrelia.ostmont@exemple.org
260,Yunoru,Ostgren,yunoru.ostgren60@exemple.org
261,Lonorea,Valver,lonorea.valver@exemple.org
262,Rilonan,Dorvane,rilonan.dorvane@mail.example
263,Sonorin,Nevdal,sonorin.nevdal@exemple.org
264,Mivalea,Sorsen,mivalea.sorsen@courrier.test
265,Tadare,Dormar,tadare.dormar@mail.example
266,Badare,Cormer,badare.cormer@exemple.org
267,Lolisa,Torsen,lolisa.torsen37@mail.example
268,Mirise,Ostsen,mirise.ostsen@exemple.org
269,Ortari,Kellais,ortari.kellais@exemple.org
270,Zonelia,Ravlais,zonelia.ravlais@courrier.test
271,Ordarea,Havnet,ordarea.havnet@exemple.org
272,Dulonia,Brengren,dulonia.brengren@exemple.org
273,Narisel,Ravkan,narisel.ravkan@courrier.test
274,Orbori,Gallais,orbori.gallais3@mail.example
275,Nanelea,Perbert,nanelea.perbert@courrier.test
276,Zokenea,Tarsen,zokenea.tarsen@courrier.test
277,Dunelia,Torgren,dunelia.torgren@mail.example
278,Elrelea,Langren,elrelea.langren@exemple.org
279,Sodare,Wenvoir,sodare.wenvoir@mail.example
280,Dudaro,Keldis,dudaro.keldis@courrier.test
281,Kasenea,Torsen,kasenea.torsen90@exemple.org
282,Somaria,Landal,somaria.landal@exemple.org
283,Navinu,Tarnet,navinu.tarnet@courrier.test
284,Sevinan,Pergren,sevinan.pergren@exemple.org
285,Sodani,Targren,sodani.targren@exemple.org
286,Fenorea,Sorvoir,fenorea.sorvoir@exemple.org
287,Lodanel,Landal,lodanel.landal@exemple.org
288,Misenea,Lanbel,misenea.lanbel30@mail.example
289,Yunelel,Galver,yunelel.galver@courrier.test
290,Nanorel,Sorver,nanorel.sorver@exemple.org
291,Bagara,Ostmar,bagara.ostmar@mail.example
292,Riloni,Galmar,riloni.galmar@exemple.org
293,Kanelea,Falvoir,kanelea.falvoir@exemple.org
294,Yusolo,Ostmar,yusolo.ostmar@exemple.org
295,Seboria,Havbel,seboria.havbel44@exemple.org
296,Pinelu,Rosvoir,pinelu.rosvoir@exemple.org
297,Kaboran,Dorkan,kaboran.dorkan@exemple.org
298,Pivali,Tarsen,pivali.tarsen@mail.example
299,Fesole,Tarmer,fesole.tarmer@courrier.test
300,Lotarea,Tormont,lotarea.tormont@exemple.org
301,Yudane,Gallin,yudane.gallin@courrier.test
302,Somonea,Falbel,somonea.falbel15@mail.example
303,Yusene,Gallin,yusene.gallin@exemple.org
304,Orlonia,Wenrand,orlonia.wenrand@exemple.org
305,Veriso,Monner,veriso.monner@exemple.org
306,Bagaro,Sormar,bagaro.sormar@courrier.test
307,Nanoro,Gallais,nanoro.gallais@mail.example
308,Jukenan,Cornet,jukenan.cornet@courrier.test
309,Manoro,Falver,manoro.falver76@exemple.org
310,Arkenu,Falrand,arkenu.falrand@courrier.test
311,Tarise,Ravbert,tarise.ravbert@exemple.org
312,Tanelia,Galbel,tanelia.galbel@exemple.org
313,Elsoli,Galdal,elsoli.galdal@courrier.test
314,Arlonu,Brenlais,arlonu.brenlais@exemple.org
315,Marisea,Dorsac,marisea.dorsac@exemple.org
316,Orseno,Kelsen,orseno.kelsen30@exemple.org
317,Ortarin,Kelbel,ortarin.kelbel@mail.example
318,Tanelan,Rossen,tanelan.rossen@exemple.org
319,Dulona,Ostlais,dulona.ostlais@mail.example
320,Banora,Sordis,banora.sordis@exemple.org
321,Setelin,Ostver,setelin.ostver@exemple.org
322,Dulisin,Nevmer,dulisin.nevmer@mail.example
323,Ardani,Wengren,ardani.wengren33@mail.example
324,Rigaran,Kelbel,rigaran.kelbel@exemple.org
325,Zonelel,Sorbel,zonelel.sorbel@courrier.test
326,Zonora,Dorbert,zonora.dorbert@exemple.org
327,Barela,Brenlin,barela.brenlin@mail.example
328,Semare,Ostmer,semare.ostmer@exemple.org
329,Femoni,Corsac,femoni.corsac@exemple.org
330,Durele,Dunnet,durele.dunnet29@courrier.test
331,Kanori,Corgren,kanori.corgren@exemple.org
332,Yuvinia,Sornet,yuvinia.sornet@mail.example
333,Zomone,Rosmont,zomone.rosmont@exemple.org
334,Armare,Ravmer,armare.ravmer@mail.example
335,Soborel,Faltier,soborel.faltier@mail.example
336,Pigaru,Valsac,pigaru.valsac@exemple.org
337,Jumone,Brenner,jumone.brenner35@exemple.org
338,Dutelia,Wentier,dutelia.wentier@exemple.org
339,Pimarea,Monvane,pimarea.monvane@exemple.org
340,Ornora,Ostbert,ornora.ostbert@exemple.org
341,Lotari,Sorsac,lotari.sorsac@exemple.org
342,Fevali,Wenbert,fevali.wenbert@exemple.org
343,Sonora,Brensen,sonora.brensen@mail.example
344,Soboria,Ostrand,soboria.ostrand95@exemple.org
345,Arvalin,Galbert,arvalin.galbert@courrier.test
346,Sevino,Havver,sevino.havver@exemple.org
347,Narele,Torner,narele.torner@courrier.test
348,Arveni,Havlin,arveni.havlin@exemple.org
349,Yumari,Lanver,yumari.lanver@mail.example
350,Lovalia,Ostmer,lovalia.ostmer@courrier.test
351,Arlonea,Havsen,arlonea.havsen2@exemple.org
352,Matelea,Ravmar,matelea.ravmar@exemple.org
353,Zodanu,Tormer,zodanu.tormer@courrier.test
354,Kaloni,Lankan,kaloni.lankan@exemple.org
355,Marisin,Brenmer,marisin.brenmer@exemple.org
356,Mivini,Keldis,mivini.keldis@mail.example
357,Takenea,Kelvoir,takenea.kelvoir@exemple.org
358,Lovena,Tornet,lovena.tornet82@courrier.test
359,Sotara,Ravmont,sotara.ravmont@exemple.org
360,Bamonan,Brenlais,bamonan.brenlais@courrier.test
361,Arsenu,Falsac,arsenu.falsac@mail.example
362,Tarisia,Brenbert,tarisia.brenbert@courrier.test
363,Ornelin,Ostsac,ornelin.ostsac@mail.example
364,Barisea,Brenmar,barisea.brenmar@exemple.org
365,Minoran,Dunvane,minoran.dunvane21@mail.example
366,Duvina,Corbel,duvina.corbel@courrier.test
367,Sorisi,Galbel,sorisi.galbel@exemple.org
368,Fesenu,Torver,fesenu.torver@exemple.org
369,Yutarea,Sorsac,yutarea.sorsac@exemple.org
370,Nabore,Mongren,nabore.mongren@courrier.test
371,Banora,Brenlin,banora.brenlin@exemple.org
372,Tabori,Rosmont,tabori.rosmont98@courrier.test
373,Sotare,Monmer,sotare.monmer@courrier.test
374,Sorisu,Nevlais,sorisu.nevlais@mail.example
375,Talone,Corgren,talone.corgren@exemple.org
376,Solonel,Nevgren,solonel.nevgren@mail.example
377,Ordaran,Dunmar,ordaran.dunmar@mail.example
378,Dumaro,Havdis,dumaro.havdis@exemple.org
379,Dumonu,Havdis,dumonu.havdis75@mail.example
380,Segaria,Tarkan,segaria.tarkan@courrier.test
381,Fesolin,Falsac,fesolin.falsac@exemple.org
382,Mimarel,Kelbert,mimarel.kelbert@mail.example
383,Pivenan,Rossac,pivenan.rossac@exemple.org
384,Dugarel,Kelvoir,dugarel.kelvoir@courrier.test
385,Tadane,Dorvane,tadane.dorvane@exemple.org
386,Selonu,Lanlais,selonu.lanlais85@courrier.test
387,Dumonu,Lansen,dumonu.lansen@courrier.test
388,Sorelin,Monbel,sorelin.monbel@exemple.org
389,Serisia,Lanbert,serisia.lanbert@courrier.test
390,Elnorel,Sortier,elnorel.sortier@courrier.test
391,Felisin,Galnet,felisin.galnet@mail.example
392,Orvalia,Kellais,orvalia.kellais@mail.example
393,Elgara,Torner,elgara.torner11@exemple.org
394,Tasola,Brengren,tasola.brengren@courrier.test
395,Bataro,Perlais,bataro.perlais@courrier.test
396,Lobore,Monner,lobore.monner@exemple.org
397,Setara,Kellin,setara.kellin@exemple.org
398,Dusenea,Torver,dusenea.torver@exemple.org
399,Dulonin,Wenmont,dulonin.wenmont@courrier.test
400,Jurisa,Perdal,jurisa.perdal84@exemple.org
401,Arlono,Brenmer,arlono.brenmer@exemple.org
402,Ortelea,Perdis,ortelea.perdis@exemple.org
403,Lomaria,Lansac,lomaria.lansac@exemple.org
404,Midani,Dordis,midani.dordis@exemple.org
405,Balisu,Sortier,balisu.sortier@courrier.test
406,Lodanel,Corgren,lodanel.corgren@courrier.test
407,Sodaro,Tarkan,sodaro.tarkan22@courrier.test
408,Pirisea,Ravnet,pirisea.ravnet@courrier.test
409,Sonelo,Dormont,sonelo.dormont@exemple.org
410,Dulisea,Galner,dulisea.galner@mail.example
411,Juvalan,Kelbel,juvalan.kelbel@exemple.org
412,Zosolo,Wendal,zosolo.wendal@courrier.test
413,Pilonea,Valdis,pilonea.valdis@exemple.org
414,Eldara,Lanlais,eldara.lanlais78@courrier.test
415,Nakenan,Ostdal,nakenan.ostdal@mail.example
416,Mavalan,Dormar,mavalan.dormar@exemple.org
417,Lolonea,Keldal,lolonea.keldal@courrier.test
418,Arlisin,Wentier,arlisin.wentier@courrier.test
419,Misole,Cormont,misole.cormont@mail.example
420,Lorelin,Brenvane,lorelin.brenvane@courrier.test
421,Pisenan,Corlin,pisenan.corlin72@mail.example
422,Fesenan,Valbert,fesenan.valbert@exemple.org
423,Arsenan,Brendis,arsenan.brendis@mail.example
424,Orsolo,Tarvoir,orsolo.tarvoir@mail.example
425,Loborea,Tornet,loborea.tornet@exemple.org
426,Dutelia,Havmer,dutelia.havmer@courrier.test
427,Tamonin,Sorbert,tamonin.sorbert@courrier.test
428,Mivalu,Keldal,mivalu.keldal26@mail.example
429,Kavale,Sorvoir,kavale.sorvoir@exemple.org
430,Vegare,Monner,vegare.monner@exemple.org
431,Midania,Lanmar,midania.lanmar@exemple.org
432,Kamonea,Perdis,kamonea.perdis@exemple.org
433,Eldani,Havmar,eldani.havmar@courrier.test
434,Fevinin,Corvoir,fevinin.corvoir@mail.example
435,Rilonin,Valvane,rilonin.valvane26@courrier.test
436,Narisu,Galsac,narisu.galsac@mail.example
437,Ordaro,Dordis,ordaro.dordis@courrier.test
438,Orseno,Ostlin,orseno.ostlin@exemple.org
439,Risolin,Galbert,risolin.galbert@exemple.org
440,Sobori,Havlais,sobori.havlais@exemple.org
441,Kasolea,Havsac,kasolea.havsac@exemple.org
442,Mikenea,Galvane,mikenea.galvane53@mail.example
443,Nagarea,Ostgren,nagarea.ostgren@courrier.test
444,Elmari,Valmont,elmari.valmont@mail.example
445,Pilise,Lanbel,pilise.lanbel@mail.example
446,Ortara,Falsac,ortara.falsac@exemple.org
447,Jumonan,Dornet,jumonan.dornet@exemple.org
448,Basolan,Falvoir,basolan.falvoir@exemple.org
449,Mitara,Torver,mitara.torver43@courrier.test
450,Jutelel,Wenrand,jutelel.wenrand@courrier.test
451,Yubore,Perdis,yubore.perdis@exemple.org
452,Badarea,Torsac,badarea.torsac@exemple.org
453,Dudaria,Osttier,dudaria.osttier@exemple.org
454,Dunorin,Kelvane,dunorin.kelvane@exemple.org
455,Orrisu,Sorvoir,orrisu.sorvoir@mail.example
456,Soseno,Corbert,soseno.corbert87@exemple.org
457,Milisi,Corbel,milisi.corbel@courrier.test
458,Milonea,Kellin,milonea.kellin@exemple.org
459,Losene,Brenner,losene.brenner@exemple.org
460,Elrisan,Dunrand,elrisan.dunrand@courrier.test
461,Jutarel,Ostlin,jutarel.ostlin@exemple.org
462,Dusenin,Corkan,dusenin.corkan@exemple.org
463,Yudaru,Rosrand,yudaru.rosrand73@courrier.test
464,Nadanin,Falmer,nadanin.falmer@courrier.test
465,Masolo,Tarkan,masolo.tarkan@exemple.org
466,Kanorin,Falkan,kanorin.falkan@exemple.org
467,Kaborea,Ravnet,kaborea.ravnet@mail.example
468,Sevenan,Dunmar,sevenan.dunmar@mail.example
469,Zonoro,Brenvoir,zonoro.brenvoir@courrier.test
470,Pimare,Havmont,pimare.havmont73@mail.example
471,Bavenia,Sorrand,bavenia.sorrand@mail.example
472,Pitara,Keldis,pitara.keldis@exemple.org
473,Zonelo,Wenmer,zonelo.wenmer@exemple.org
474,Pitaria,Ravdis,pitaria.ravdis@courrier.test
475,Kaveni,Ravbert,kaveni.ravbert@mail.example
476,Bavinin,Ravnet,bavinin.ravnet@courrier.test
477,Feboran,Dordis,feboran.dordis25@mail.example
478,Elveni,Perbert,elveni.perbert@exemple.org
479,Kagaria,Brenbel,kagaria.brenbel@exemple.org
480,Fesolia,Dorsen,fesolia.dorsen@exemple.org
481,Elkenan,Galsen,elkenan.galsen@courrier.test
482,Orriso,Fallin,orriso.fallin@courrier.test
483,Nanori,Galdis,nanori.galdis@exemple.org
484,Jurisi,Ostvane,jurisi.ostvane55@exemple.org
485,Fevino,Dunmer,fevino.dunmer@exemple.org
486,Dudani,Dunvane,dudani.dunvane@exemple.org
487,Mimaran,Galkan,mimaran.galkan@exemple.org
488,Jumarea,Rossen,jumarea.rossen@mail.example
489,Zodaran,Dunmer,zodaran.dunmer@exemple.org
490,Elrelia,Valsen,elrelia.valsen@courrier.test
491,Orsolo,Havbert,orsolo.havbert5@mail.example
492,Rivino,Tarrand,rivino.tarrand@mail.example
493,Badare,Dorlin,badare.dorlin@mail.example
494,Yunorin,Corvoir,yunorin.corvoir@courrier.test
495,Yumonin,Torvoir,yumonin.torvoir@exemple.org
496,Kakeni,Corsac,kakeni.corsac@exemple.org
497,Orvino,Wenrand,orvino.wenrand@exemple.org
498,Mamono,Ravdal,mamono.ravdal43@courrier.test
499,Bamaria,Wenvane,bamaria.wenvane@mail.example
500,Sereli,Corlais,sereli.corlais@exemple.org
501,Arnoru,Vallais,arnoru.vallais@exemple.org
502,Nalisin,Lantier,nalisin.lantier@exemple.org
503,Lorisin,Rossen,lorisin.rossen@exemple.org
504,Malonea,Valdis,malonea.valdis@exemple.org
505,Sebori,Kelvane,sebori.kelvane28@mail.example
506,Jugarel,Ostmer,jugarel.ostmer@courrier.test
507,Yulisia,Sormar,yulisia.sormar@exemple.org
508,Orlisa,Torlais,orlisa.torlais@exemple.org
509,Fegaro,Dorrand,fegaro.dorrand@exemple.org
510,Rivenan,Corkan,rivenan.corkan@exemple.org
511,Velona,Corbel,velona.corbel@exemple.org
512,Jukenan,Brenver,jukenan.brenver62@exemple.org
513,Jugaria,Mondal,jugaria.mondal@exemple.org
514,Riteli,Havsen,riteli.havsen@exemple.org
515,Junelu,Ravlais,junelu.ravlais@courrier.test
516,Dulisin,Wensac,dulisin.wensac@courrier.test
517,Zosenu,Lanlin,zosenu.lanlin@exemple.org
518,Mikenel,Wendis,mikenel.wendis@courrier.test
519,Talisa,Ostner,talisa.ostner32@mail.example
520,Manoran,Dordal,manoran.dordal@exemple.org
521,Jusena,Wensac,jusena.wensac@exemple.org
522,Somonan,Tormer,somonan.tormer@exemple.org
523,Kaliso,Galmont,kaliso.galmont@courrier.test
524,Arbori,Torsac,arbori.torsac@courrier.test
525,Lokenia,Falsen,lokenia.falsen@mail.example
526,Fetare,Sorrand,fetare.sorrand5@mail.example
527,Verelo,Sormer,verelo.sormer@courrier.test
528,Takenu,Brengren,takenu.brengren@exemple.org
529,Tagarel,Sorbert,tagarel.sorbert@courrier.test
530,Jukenin,Ostdal,jukenin.ostdal@courrier.test
531,Zoloni,Targren,zoloni.targren@exemple.org
532,Orlono,Kelbert,orlono.kelbert@exemple.org
533,Ortela,Rosvane,ortela.rosvane24@mail.example
534,Veteli,Havbert,veteli.havbert@courrier.test
535,Duboro,Rosmont,duboro.rosmont@exemple.org
536,Eltaru,Wenner,eltaru.wenner@courrier.test
537,Rinelia,Tarbert,rinelia.tarbert@mail.example
538,Jurisea,Galbel,jurisea.galbel@mail.example
539,Eldaria,Dornet,eldaria.dornet@exemple.org
540,Kavina,Kelvoir,kavina.kelvoir55@exemple.org
541,Vekeni,Lanrand,vekeni.lanrand@exemple.org
542,Sotaria,Falgren,sotaria.falgren@courrier.test
543,Yukena,Pergren,yukena.pergren@exemple.org
544,Loboru,Galkan,loboru.galkan@exemple.org
545,Eldanan,Ostsen,eldanan.ostsen@exemple.org
546,Tatelin,Brenlin,tatelin.brenlin@exemple.org
547,Tataru,Pergren,tataru.pergren94@courrier.test
548,Dutela,Falvoir,dutela.falvoir@mail.example
549,Yumono,Dorbert,yumono.dorbert@exemple.org
550,Malonea,Nevkan,malonea.nevkan@mail.example
551,Lonora,Falmar,lonora.falmar@exemple.org
552,Kalisel,Perdal,kalisel.perdal@exemple.org
553,Zodania,Brenvoir,zodania.brenvoir@mail.example
554,Sovenel,Corlais,sovenel.corlais51@mail.example
555,Soloni,Havmar,soloni.havmar@exemple.org
556,Pivali,Monvane,pivali.monvane@mail.example
557,Velisu,Dorgren,velisu.dorgren@mail.example
558,Mimoni,Ostmar,mimoni.ostmar@exemple.org
559,Orseni,Lanmont,orseni.lanmont@mail.example
560,Ferelin,Nevdal,ferelin.nevdal@mail.example
561,Orbore,Corner,orbore.corner61@mail.example
562,Vesolea,Sorlais,vesolea.sorlais@exemple.org
563,Kalonel,Monvoir,kalonel.monvoir@courrier.test
564,Logarea,Falrand,logarea.falrand@courrier.test
565,Pimonea,Tormont,pimonea.tormont@exemple.org
566,Midana,Tornet,midana.tornet@mail.example
567,Jugarin,Mongren,jugarin.mongren@exemple.org
568,Arsolel,Monlin,arsolel.monlin74@mail.example
569,Fevalin,Landal,fevalin.landal@courrier.test
570,Pirise,Monvoir,pirise.monvoir@exemple.org
571,Kadanin,Brenvoir,kadanin.brenvoir@exemple.org
572,Lokena,Dunkan,lokena.dunkan@exemple.org
573,Selonin,Cordal,selonin.cordal@exemple.org
574,Navenu,Tordis,navenu.tordis@courrier.test
575,Jutarea,Brenbel,jutarea.brenbel57@exemple.org
576,Serisin,Wenbert,serisin.wenbert@exemple.org
577,Yuvinu,Keldis,yuvinu.keldis@mail.example
578,Yuvalan,Tartier,yuvalan.tartier@mail.example
579,Elrisel,Perrand,elrisel.perrand@exemple.org
580,Masola,Brenvoir,masola.brenvoir@courrier.test
581,Bavalia,Tarmont,bavalia.tarmont@courrier.test
582,Tagare,Dunver,tagare.dunver77@exemple.org
583,Yumaria,Valdis,yumaria.valdis@courrier.test
584,Mavenin,Sorrand,mavenin.sorrand@exemple.org
585,Lolisan,Corbert,lolisan.corbert@courrier.test
586,Mavenu,Nevgren,mavenu.nevgren@courrier.test
587,Rivenia,Havlin,rivenia.havlin@mail.example
588,Vegaran,Perver,vegaran.perver@exemple.org
589,Junora,Ravmar,junora.ravmar18@exemple.org
590,Senelu,Torlais,senelu.torlais@courrier.test
591,Jutelea,Ravlais,jutelea.ravlais@courrier.test
592,Seriso,Brennet,seriso.brennet@exemple.org
593,Elmonan,Tardal,elmonan.tardal@courrier.test
594,Rikenea,Valmar,rikenea.valmar@mail.example
595,Ornele,Torsen,ornele.torsen@exemple.org
596,Femono,Corgren,femono.corgren93@mail.example
597,Narelan,Nevlais,narelan.nevlais@mail.example
598,Yukenia,Ravkan,yukenia.ravkan@exemple.org
599,Jutari,Dorbel,jutari.dorbel@courrier.test
600,Nadana,Sorbert,nadana.sorbert@courrier.test
601,Yunela,Galkan,yunela.galkan@courrier.test
602,Mamaro,Kelvoir,mamaro.kelvoir@mail.example
603,Sebori,Falnet,sebori.falnet41@exemple.org
604,Bamonin,Dorner,bamonin.dorner@exemple.org
605,Yuboro,Tarrand,yuboro.tarrand@exemple.org
606,Orvalu,Sorvoir,orvalu.sorvoir@exemple.org
607,Yudane,Wenlin,yudane.wenlin@courrier.test
608,Ormone,Dortier,ormone.dortier@exemple.org
609,Rimonia,Monsen,rimonia.monsen@exemple.org
610,Bataro,Ravgren,bataro.ravgren2@mail.example
611,Logaran,Monkan,logaran.monkan@exemple.org
612,Somonea,Corver,somonea.corver@exemple.org
613,Yugarel,Dunrand,yugarel.dunrand@exemple.org
614,Dunelea,Ravsac,dunelea.ravsac@mail.example
615,Sevinan,Dorsac,sevinan.dorsac@exemple.org
616,Venorel,Dorver,venorel.dorver@exemple.org
617,Yudari,Roslais,yudari.roslais53@exemple.org
618,Eltarea,Brenrand,eltarea.brenrand@courrier.test
619,Somonan,Torkan,somonan.torkan@exemple.org
620,Orsolea,Wenbert,orsolea.wenbert@exemple.org
621,Ririsa,Rosgren,ririsa.rosgren@mail.example
622,Baseno,Nevbel,baseno.nevbel@mail.example
623,Nanela,Havgren,nanela.havgren@courrier.test
624,Ririsea,Wenrand,ririsea.wenrand15@courrier.test
625,Kadarel,Havbert,kadarel.havbert@exemple.org
626,Zorisan,Ravgren,zorisan.ravgren@courrier.test
627,Tamonea,Dordal,tamonea.dordal@courrier.test
628,Rimaria,Nevlais,rimaria.nevlais@exemple.org
629,Ormarel,Galsen,ormarel.galsen@courrier.test
630,Migaran,Torbert,migaran.torbert@exemple.org
631,Midania,Corsac,midania.corsac84@exemple.org
632,Sevena,Havver,sevena.havver@exemple.org
633,Kasenel,Nevvane,kasenel.nevvane@exemple.org
634,Mamono,Sornet,mamono.sornet@exemple.org
635,Kalona,Brentier,kalona.brentier@exemple.org
636,Marise,Rosmar,marise.rosmar@courrier.test
637,Ellonin,Sorgren,ellonin.sorgren@courrier.test
638,Bamaria,Monkan,bamaria.monkan16@courrier.test
639,Makenea,Galmar,makenea.galmar@courrier.test
640,Somarea,Kelgren,somarea.kelgren@courrier.test
641,Duloni,Corner,duloni.corner@courrier.test
642,Rinelan,Tarlin,rinelan.tarlin@courrier.test
643,Loneli,Wenlais,loneli.wenlais@courrier.test
644,Fetelin,Wenkan,fetelin.wenkan@mail.example
645,Orseno,Sorbel,orseno.sorbel91@exemple.org
646,Dusolan,Perbel,dusolan.perbel@courrier.test
647,Mibora,Valmar,mibora.valmar@exemple.org
648,Zoneli,Torrand,zoneli.torrand@courrier.test
649,Rimono,Valvoir,rimono.valvoir@exemple.org
650,Zodari,Falkan,zodari.falkan@exemple.org
651,Judara,Valsac,judara.valsac@courrier.test
652,Dumarea,Dorrand,dumarea.dorrand74@courrier.test
653,Yuvinia,Dunrand,yuvinia.dunrand@exemple.org
654,Yumonan,Rosmer,yumonan.rosmer@exemple.org
655,Mavalu,Torsen,mavalu.torsen@exemple.org
656,Yudaria,Sormont,yudaria.sormont@exemple.org
657,Seboru,Corsen,seboru.corsen@exemple.org
658,Yurelin,Corbel,yurelin.corbel@exemple.org
659,Zomare,Monsen,zomare.monsen5@mail.example
660,Artarel,Galmont,artarel.galmont@exemple.org
661,Dulisan,Valdis,dulisan.valdis@exemple.org
662,Namonel,Tarlin,namonel.tarlin@courrier.test
663,Zosene,Dunbert,zosene.dunbert@exemple.org
664,Sogare,Sordal,sogare.sordal@exemple.org
665,Fevenia,Havdis,fevenia.havdis@exemple.org
666,Serelan,Nevsen,serelan.nevsen94@exemple.org
667,Armaran,Corvoir,armaran.corvoir@courrier.test
668,Femonu,Tormont,femonu.tormont@exemple.org
669,Arvenia,Perner,arvenia.perner@mail.example
670,Ridana,Corkan,ridana.corkan@exemple.org
671,Tarise,Ostbert,tarise.ostbert@exemple.org
672,Yuseni,Nevlais,yuseni.nevlais@mail.example
673,Eltelin,Tormont,eltelin.tormont69@courrier.test
674,Malona,Ravlais,malona.ravlais@exemple.org
675,Tavinan,Galdis,tavinan.galdis@courrier.test
676,Elrisel,Corver,elrisel.corver@exemple.org
677,Yumonu,Gallin,yumonu.gallin@exemple.org
678,Nanelu,Nevsen,nanelu.nevsen@exemple.org
679,Dulisi,Sorbert,dulisi.sorbert@courrier.test
680,Artaru,Brentier,artaru.brentier34@exemple.org
681,Fevenu,Kelner,fevenu.kelner@courrier.test
682,Sevala,Dorlin,sevala.dorlin@courrier.test
683,Mivala,Havmont,mivala.havmont@courrier.test
684,Felise,Kellais,felise.kellais@exemple.org
685,Pirelel,Tarnet,pirelel.tarnet@courrier.test
686,Pinele,Wenmar,pinele.wenmar@courrier.test
687,Dusenel,Nevdis,dusenel.nevdis96@exemple.org
688,Yulonel,Rosbel,yulonel.rosbel@exemple.org
689,Felona,Lanlin,felona.lanlin@exemple.org
690,Mibore,Rosgren,mibore.rosgren@exemple.org
691,Sevalia,Monbert,sevalia.monbert@exemple.org
692,Solisin,Falnet,solisin.falnet@exemple.org
693,Zosolan,Dorrand,zosolan.dorrand@exemple.org
694,Ritaru,Havtier,ritaru.havtier21@mail.example
695,Ordarin,Tormar,ordarin.tormar@courrier.test
696,Dunelea,Ostnet,dunelea.ostnet@exemple.org
697,Dumonu,Roskan,dumonu.roskan@exemple.org
698,Arrisa,Falsen,arrisa.falsen@courrier.test
699,Vevali,Permont,vevali.permont@courrier.test
700,Nalisa,Galsac,nalisa.galsac@mail.example
701,Ellonia,Sorner,ellonia.sorner53@courrier.test
702,Tanore,Perrand,tanore.perrand@exemple.org
703,Elnorin,Ostlais,elnorin.ostlais@courrier.test
704,Pivenan,Torver,pivenan.torver@mail.example
705,Takenu,Tordal,takenu.tordal@exemple.org
706,Juborin,Tornet,juborin.tornet@courrier.test
707,Dumonea,Sornet,dumonea.sornet@courrier.test
708,Yuveno,Wentier,yuveno.wentier34@mail.example
709,Tanelel,Corlin,tanelel.corlin@exemple.org
710,Baloni,Galdis,baloni.galdis@mail.example
711,Durise,Ravmar,durise.ravmar@courrier.test
712,Navale,Mondis,navale.mondis@mail.example
713,Lonoro,Wennet,lonoro.wennet@courrier.test
714,Vedare,Nevtier,vedare.nevtier@courrier.test
715,Vemarea,Dorbel,vemarea.dorbel46@courrier.test
716,Kagaru,Torbert,kagaru.torbert@mail.example
717,Tasene,Sormer,tasene.sormer@exemple.org
718,Ridara,Valvane,ridara.valvane@exemple.org
719,Soboru,Ostvane,soboru.ostvane@courrier.test
720,Kaboro,Sorver,kaboro.sorver@courrier.test
721,Mitelia,Perbel,mitelia.perbel@courrier.test
722,Orvenel,Havlais,orvenel.havlais36@exemple.org
723,Rivalia,Monvoir,rivalia.monvoir@exemple.org
724,Rikenu,Brenmar,rikenu.brenmar@exemple.org
725,Makenea,Havdis,makenea.havdis@mail.example
726,Ferise,Wenkan,ferise.wenkan@courrier.test
727,Yuvinia,Brendal,yuvinia.brendal@courrier.test
728,Pinela,Kelmar,pinela.kelmar@courrier.test
729,Banela,Rosbert,banela.rosbert16@courrier.test
730,Kakeno,Ostnet,kakeno.ostnet@exemple.org
731,Vetela,Kellin,vetela.kellin@exemple.org
732,Kalonin,Dundis,kalonin.dundis@courrier.test
733,Seboro,Monvoir,seboro.monvoir@courrier.test
734,Zodanel,Wenlais,zodanel.wenlais@courrier.test
735,Sotaru,Dorver,sotaru.dorver@mail.example
736,Kavala,Mondal,kavala.mondal86@courrier.test
737,Kadaro,Kelsen,kadaro.kelsen@courrier.test
738,Taloni,Sorver,taloni.sorver@exemple.org
739,Elvinan,Dunnet,elvinan.dunnet@exemple.org
740,Zonora,Valner,zonora.valner@exemple.org
741,Sotaria,Persen,sotaria.persen@exemple.org
742,Zosenea,Lansac,zosenea.lansac@courrier.test
743,Solisan,Falgren,solisan.falgren43@exemple.org
744,Judarea,Havdis,judarea.havdis@exemple.org
745,Sesena,Dunmont,sesena.dunmont@exemple.org
746,Marisi,Havmont,marisi.havmont@exemple.org
747,Rigaria,Falsac,rigaria.falsac@courrier.test
748,Lomaro,Keldis,lomaro.keldis@exemple.org
749,Rireli,Ravmer,rireli.ravmer@exemple.org
750,Nadari,Galnet,nadari.galnet78@mail.example
751,Ellise,Rostier,ellise.rostier@mail.example
752,Verele,Ostner,verele.ostner@exemple.org
753,Losole,Monbert,losole.monbert@exemple.org
754,Nareli,Monbert,nareli.monbert@courrier.test
755,Fenelan,Valmer,fenelan.valmer@exemple.org
756,Risolan,Rosgren,risolan.rosgren@exemple.org
757,Somaran,Havdis,somaran.havdis80@exemple.org
758,Sorelel,Torner,sorelel.torner@courrier.test
759,Nanela,Lanmer,nanela.lanmer@exemple.org
760,Junoria,Nevbert,junoria.nevbert@exemple.org
761,Tagarel,Tarlin,tagarel.tarlin@exemple.org
762,Rimone,Sornet,rimone.sornet@exemple.org
763,Zorisel,Dorner,zorisel.dorner@mail.example
764,Elboro,Valrand,elboro.valrand26@exemple.org
765,Marelu,Faltier,marelu.faltier@courrier.test
766,Zosole,Brenmar,zosole.brenmar@courrier.test
767,Kadano,Falmont,kadano.falmont@mail.example
768,Sesenia,Corvoir,sesenia.corvoir@exemple.org
769,Jugara,Monrand,jugara.monrand@mail.example
770,Banelin,Pervoir,banelin.pervoir@courrier.test
771,Tataran,Tardal,tataran.tardal95@exemple.org
772,Kasola,Monmer,kasola.monmer@exemple.org
773,Pidani,Dunbert,pidani.dunbert@courrier.test
774,Velonan,Tordis,velonan.tordis@exemple.org
775,Lomone,Wenbel,lomone.wenbel@courrier.test
776,Logaria,Lanvane,logaria.lanvane@exemple.org
777,Jugaro,Dunrand,jugaro.dunrand@exemple.org
778,Dudani,Tarrand,dudani.tarrand20@courrier.test
779,Elseni,Galmer,elseni.galmer@exemple.org
780,Femaru,Monmer,femaru.monmer@exemple.org
781,Rimono,Brensac,rimono.brensac@courrier.test
782,Rivine,Galrand,rivine.galrand@exemple.org
783,Senelu,Sormer,senelu.sormer@courrier.test
784,Vedanea,Dunbert,vedanea.dunbert@exemple.org
785,Yulisa,Ostbel,yulisa.ostbel58@exemple.org
786,Bavenin,Havver,bavenin.havver@exemple.org
787,Sotara,Lantier,sotara.lantier@exemple.org
788,Fenela,Galvoir,fenela.galvoir@exemple.org
789,Vevenia,Wensen,vevenia.wensen@mail.example
790,Juvina,Perbert,juvina.perbert@exemple.org
791,Lomarel,Brenlin,lomarel.brenlin@courrier.test
792,Sorelu,Ravner,sorelu.ravner79@exemple.org
793,Rirelo,Rosdis,rirelo.rosdis@courrier.test
794,Vevalea,Havlin,vevalea.havlin@exemple.org
795,Orvinu,Sorkan,orvinu.sorkan@mail.example
796,Loliso,Dorvoir,loliso.dorvoir@courrier.test
797,Venelin,Havlin,venelin.havlin@exemple.org
798,Yurelea,Sorlin,yurelea.sorlin@exemple.org
799,Juvena,Rosmont,juvena.rosmont69@mail.example
800,Sebore,Wendal,sebore.wendal@exemple.org
801,Katara,Kelrand,katara.kelrand@mail.example
802,Lovene,Dunmer,lovene.dunmer@exemple.org
803,Matelu,Falbert,matelu.falbert@exemple.org
804,Midarin,Torgren,midarin.torgren@exemple.org
805,Milisu,Galner,milisu.galner@courrier.test
806,Pivalia,Sormer,pivalia.sormer56@courrier.test
807,Senelo,Cormer,senelo.cormer@courrier.test
808,Zosenia,Brenvane,zosenia.brenvane@exemple.org
809,Sevenu,Wentier,sevenu.wentier@exemple.org
810,Jusenan,Langren,jusenan.langren@courrier.test
811,Dunele,Rosnet,dunele.rosnet@exemple.org
812,Elborin,Galmar,elborin.galmar@mail.example
813,Ardanel,Sorbel,ardanel.sorbel63@mail.example
814,Banore,Landal,banore.landal@mail.example
815,Jukenia,Galnet,jukenia.galnet@exemple.org
816,Zonelan,Ravbel,zonelan.ravbel@courrier.test
817,Batelin,Perlais,batelin.perlais@exemple.org
818,Lovalu,Lanner,lovalu.lanner@mail.example
819,Rinelea,Valdis,rinelea.valdis@exemple.org
820,Fetaro,Pervane,fetaro.pervane94@courrier.test
821,Felise,Tormer,felise.tormer@exemple.org
822,Tasenu,Brendal,tasenu.brendal@courrier.test
823,Manelia,Dorbel,manelia.dorbel@exemple.org
824,Ortara,Valmer,ortara.valmer@exemple.org
825,Arvalan,Pervoir,arvalan.pervoir@exemple.org
826,Ornore,Tarsen,ornore.tarsen@exemple.org
827,Somaro,Falsac,somaro.falsac23@mail.example
828,Ornorin,Mongren,ornorin.mongren@courrier.test
829,Sodarel,Nevlais,sodarel.nevlais@mail.example
830,Arsolu,Nevsac,arsolu.nevsac@exemple.org
831,Kasoli,Nevbert,kasoli.nevbert@courrier.test
832,Juborea,Monver,juborea.monver@exemple.org
833,Yutara,Falrand,yutara.falrand@mail.example
834,Femari,Lanrand,femari.lanrand18@exemple.org
835,Tavinea,Lansen,tavinea.lansen@exemple.org
836,Venorin,Falvane,venorin.falvane@mail.example
837,Navenan,Sormar,navenan.sormar@exemple.org
838,Zovina,Valgren,zovina.valgren@exemple.org
839,Tagara,Rossen,tagara.rossen@courrier.test
840,Tataria,Galtier,tataria.galtier@exemple.org
841,Pitarin,Sortier,pitarin.sortier56@exemple.org
842,Fevenea,Wendal,fevenea.wendal@mail.example
843,Lomonel,Galbel,lomonel.galbel@mail.example
844,Tariso,Dorvoir,tariso.dorvoir@exemple.org
845,Selonea,Tormar,selonea.tormar@exemple.org
846,Pilono,Galtier,pilono.galtier@exemple.org
847,Ridaria,Dortier,ridaria.dortier@courrier.test
848,Kareli,Brenrand,kareli.brenrand96@exemple.org
849,Orriso,Valnet,orriso.valnet@courrier.test
850,Zosenia,Kelner,zosenia.kelner@mail.example
851,Zolonin,Landis,zolonin.landis@exemple.org
852,Pigarin,Kelkan,pigarin.kelkan@exemple.org
853,Nabora,Galdis,nabora.galdis@exemple.org
854,Lolonel,Corbel,lolonel.corbel@mail.example
855,Pilise,Rosdis,pilise.rosdis45@exemple.org
856,Milisel,Wenlin,milisel.wenlin@courrier.test
857,Ferelin,Galner,ferelin.galner@exemple.org
858,Pimaria,Sorner,pimaria.sorner@exemple.org
859,Juboro,Galdis,juboro.galdis@exemple.org
860,Lolisia,Galdis,lolisia.galdis@exemple.org
861,Kasolan,Torlin,kasolan.torlin@courrier.test
862,Dugarin,Permar,dugarin.permar13@mail.example
863,Navenin,Kelnet,navenin.kelnet@courrier.test
864,Jumaru,Ostvane,jumaru.ostvane@exemple.org
865,Sosenea,Dunbel,sosenea.dunbel@mail.example
866,Milisel,Rosdal,milisel.rosdal@exemple.org
867,Malonel,Galmont,malonel.galmont@exemple.org
868,Namarin,Valvoir,namarin.valvoir@exemple.org
869,Ferise,Valrand,ferise.valrand18@mail.example
870,Pirisan,Sorlais,pirisan.sorlais@exemple.org
871,Rilisin,Ravner,rilisin.ravner@mail.example
872,Piborel,Wensen,piborel.wensen@exemple.org
873,Zoneli,Dunmer,zoneli.dunmer@mail.example
874,Piborin,Monlais,piborin.monlais@exemple.org
875,Lovali,Roslais,lovali.roslais@courrier.test
876,Rivalan,Monlin,rivalan.monlin83@exemple.org
877,Risolu,Rosdis,risolu.rosdis@exemple.org
878,Sovala,Dorner,sovala.dorner@mail.example
879,Tatare,Havnet,tatare.havnet@exemple.org
880,Duvalea,Fallin,duvalea.fallin@mail.example
881,Zonelan,Galbel,zonelan.galbel@courrier.test
882,Kavinel,Corsen,kavinel.corsen@mail.example
883,Tatelo,Brenvoir,tatelo.brenvoir12@exemple.org
884,Sogarea,Wenner,sogarea.wenner@courrier.test
885,Loborel,Torbert,loborel.torbert@courrier.test
886,Feseno,Valner,feseno.valner@courrier.test
887,Lorelia,Brenbel,lorelia.brenbel@exemple.org
888,Zorelea,Nevbert,zorelea.nevbert@courrier.test
889,Veneli,Rosvoir,veneli.rosvoir@courrier.test
890,Karisa,Perbel,karisa.perbel29@mail.example
891,Dulise,Dunmont,dulise.dunmont@exemple.org
892,Lobore,Kelmont,lobore.kelmont@exemple.org
893,Sodaran,Ostner,sodaran.ostner@exemple.org
894,Misenel,Kelmar,misenel.kelmar@exemple.org
895,Dusena,Valdal,dusena.valdal@courrier.test
896,Jusoli,Perlin,jusoli.perlin@mail.example
897,Madano,Vallin,madano.vallin91@courrier.test
898,Semono,Permont,semono.permont@courrier.test
899,Eldanan,Falrand,eldanan.falrand@exemple.org
900,Velonin,Pernet,velonin.pernet@courrier.test
901,Pisenia,Duntier,pisenia.duntier@exemple.org
902,Arrelin,Corbel,arrelin.corbel@mail.example
903,Orgaran,Tarver,orgaran.tarver@courrier.test
904,Talisin,Falmer,talisin.falmer33@courrier.test
905,Fekeni,Tarmer,fekeni.tarmer@exemple.org
906,Arrisu,Landal,arrisu.landal@mail.example
907,Verise,Dorrand,verise.dorrand@courrier.test
908,Jusenel,Torsac,jusenel.torsac@exemple.org
909,Kareli,Valtier,kareli.valtier@exemple.org
910,Rimarin,Sordal,rimarin.sordal@exemple.org
911,Sobori,Brendal,sobori.brendal42@exemple.org
912,Milonea,Keldis,milonea.keldis@exemple.org
913,Taboria,Lanmont,taboria.lanmont@exemple.org
914,Babora,Monmer,babora.monmer@courrier.test
915,Artelan,Kellais,artelan.kellais@exemple.org
916,Zotaria,Havlais,zotaria.havlais@mail.example
917,Dugaran,Torgren,dugaran.torgren@mail.example
918,Yumona,Rosmer,yumona.rosmer92@exemple.org
919,Juriso,Monvoir,juriso.monvoir@exemple.org
920,Balisia,Ravsac,balisia.ravsac@courrier.test
921,Veveni,Permar,veveni.permar@exemple.org
922,Eldari,Ostgren,eldari.ostgren@courrier.test
923,Orloni,Falsac,orloni.falsac@courrier.test
924,Milisel,Galbel,milisel.galbel@courrier.test
925,Arsene,Brenmer,arsene.brenmer52@courrier.test
926,Vetelin,Monbel,vetelin.monbel@courrier.test
927,Yutarel,Pertier,yutarel.pertier@exemple.org
928,Lolisel,Tarner,lolisel.tarner@mail.example
929,Sevinel,Brenmar,sevinel.brenmar@courrier.test
930,Nataria,Brendis,nataria.brendis@courrier.test
931,Junoria,Tarnet,junoria.tarnet@exemple.org
932,Mirisia,Falvane,mirisia.falvane29@mail.example
933,Bamono,Ostdal,bamono.ostdal@courrier.test
934,Vekena,Brentier,vekena.brentier@exemple.org
935,Zosenin,Cortier,zosenin.cortier@mail.example
936,Femaria,Galner,femaria.galner@exemple.org
937,Ridarin,Dorver,ridarin.dorver@mail.example
938,Manelu,Falmer,manelu.falmer@courrier.test
939,Felisan,Lannet,felisan.lannet67@exemple.org
940,Soloni,Galvoir,soloni.galvoir@courrier.test
941,Jumonea,Dorlin,jumonea.dorlin@exemple.org
942,Juboro,Havmont,juboro.havmont@exemple.org
943,Ritele,Dorrand,ritele.dorrand@exemple.org
944,Kalonel,Monvane,kalonel.monvane@exemple.org
945,Yutaru,Persac,yutaru.persac@exemple.org
946,Dukene,Havmont,dukene.havmont84@courrier.test
947,Fegarea,Valmont,fegarea.valmont@courrier.test
948,Zobore,Tarlais,zobore.tarlais@exemple.org
949,Nanele,Rosver,nanele.rosver@courrier.test
950,Dutarea,Galnet,dutarea.galnet@courrier.test
951,Sosolu,Wenner,sosolu.wenner@courrier.test
952,Sotare,Nevbel,sotare.nevbel@exemple.org
953,Bataro,Monkan,bataro.monkan85@exemple.org
954,Vegaro,Dorvoir,vegaro.dorvoir@exemple.org
955,Elmara,Monvoir,elmara.monvoir@courrier.test
956,Armonel,Dordal,armonel.dordal@mail.example
957,Miveni,Ravrand,miveni.ravrand@exemple.org
958,Zorisin,Havgren,zorisin.havgren@courrier.test
959,Nadanu,Monmer,nadanu.monmer@courrier.test
960,Piborel,Sormar,piborel.sormar42@exemple.org
961,Felise,Havmar,felise.havmar@exemple.org
962,Yuvinan,Dunmont,yuvinan.dunmont@mail.example
963,Zosenan,Rostier,zosenan.rostier@mail.example
964,Sogari,Nevvane,sogari.nevvane@mail.example
965,Semonel,Tarkan,semonel.tarkan@exemple.org
966,Nasenin,Dundal,nasenin.dundal@courrier.test
967,Migaran,Brentier,migaran.brentier21@courrier.test
968,Balisin,Valvoir,balisin.valvoir@mail.example
969,Tabora,Torner,tabora.torner@mail.example
970,Balonel,Corbel,balonel.corbel@courrier.test
971,Yumonan,Sordis,yumonan.sordis@exemple.org
972,Elmono,Ravsen,elmono.ravsen@exemple.org
973,Dukenan,Tartier,dukenan.tartier@exemple.org
974,Somarin,Galnet,somarin.galnet15@mail.example
975,Selonin,Dorver,selonin.dorver@exemple.org
976,Juvalu,Ostmer,juvalu.ostmer@exemple.org
977,Venelia,Brenvane,venelia.brenvane@courrier.test
978,Duveni,Wenvane,duveni.wenvane@exemple.org
979,Kalona,Perkan,kalona.perkan@mail.example
980,Malonea,Perkan,malonea.perkan@exemple.org
981,Pitari,Valkan,pitari.valkan54@exemple.org
982,Juvenin,Duntier,juvenin.duntier@exemple.org
983,Jukene,Wenrand,jukene.wenrand@exemple.org
984,Orborel,Dunkan,orborel.dunkan@courrier.test
985,Batele,Valgren,batele.valgren@exemple.org
986,Pisolu,Rosrand,pisolu.rosrand@exemple.org
987,Bagari,Galtier,bagari.galtier@exemple.org
988,Losole,Monmar,losole.monmar19@exemple.org
989,Elmarin,Wenmont,elmarin.wenmont@courrier.test
990,Jusolan,Ostlais,jusolan.ostlais@courrier.test
991,Loreli,Monver,loreli.monver@courrier.test
992,Pirisin,Rossen,pirisin.rossen@exemple.org
993,Seveni,Brennet,seveni.brennet@exemple.org
994,Nanore,Ostdis,nanore.ostdis@exemple.org
995,Kaborin,Nevdis,kaborin.nevdis54@exemple.org
996,Venelel,Lanvane,venelel.lanvane@courrier.test
997,Zorisa,Nevmont,zorisa.nevmont@exemple.org
998,Jumarel,Roskan,jumarel.roskan@mail.example
999,Pitela,Dorlin,pitela.dorlin@exemple.org
1000,Kanorel,Mondal,kanorel.mondal@courrier.test
1001,Yunoru,Pernet,yunoru.pernet@exemple.org
1002,Taneli,Sornet,taneli.sornet52@exemple.org
1003,Arbore,Sorrand,arbore.sorrand@exemple.org
1004,Arlisi,Faltier,arlisi.faltier@courrier.test
1005,Dudane,Monmont,dudane.monmont@courrier.test
1006,Elborea,Wensen,elborea.wensen@exemple.org
1007,Zoneli,Ostdal,zoneli.ostdal@mail.example
1008,Losolan,Tormar,losolan.tormar@exemple.org
1009,Yulono,Ravmont,yulono.ravmont74@exemple.org
1010,Katarel,Ostdis,katarel.ostdis@exemple.org
1011,Makeni,Lannet,makeni.lannet@mail.example
1012,Basolan,Valver,basolan.valver@mail.example
1013,Elnoria,Dorlais,elnoria.dorlais@courrier.test
1014,Vesolea,Lankan,vesolea.lankan@exemple.org
1015,Eltela,Monlin,eltela.monlin@exemple.org
1016,Sorisia,Nevdis,sorisia.nevdis84@exemple.org
1017,Dunelea,Permer,dunelea.permer@exemple.org
1018,Yugaru,Ravtier,yugaru.ravtier@exemple.org
1019,Elrisel,Perdis,elrisel.perdis@mail.example
1020,Arlisin,Ostbert,arlisin.ostbert@exemple.org
1021,Fevinia,Nevkan,fevinia.nevkan@mail.example
1022,Jumaro,Falmar,jumaro.falmar@exemple.org
1023,Vekenia,Tarvoir,vekenia.tarvoir79@courrier.test
1024,Tagarea,Havrand,tagarea.havrand@courrier.test
1025,Dudaro,Ostvane,dudaro.ostvane@exemple.org
1026,Orveni,Ostmer,orveni.ostmer@courrier.test
1027,Mibore,Brenmar,mibore.brenmar@courrier.test
1028,Basolo,Ostbel,basolo.ostbel@courrier.test
1029,Ritaru,Falnet,ritaru.falnet@courrier.test
1030,Tadanan,Pertier,tadanan.pertier50@courrier.test
1031,Lolisan,Dorbel,lolisan.dorbel@exemple.org
1032,Marelin,Corgren,marelin.corgren@exemple.org
1033,Arboro,Brensen,arboro.brensen@exemple.org
1034,Julisel,Tornet,julisel.tornet@exemple.org
1035,Sodarea,Nevlais,sodarea.nevlais@exemple.org
1036,Lomonel,Galtier,lomonel.galtier@mail.example
1037,Kanori,Perner,kanori.perner38@mail.example
1038,Orsenea,Galmont,orsenea.galmont@exemple.org
1039,Eldanea,Monvane,eldanea.monvane@exemple.org
1040,Jurelea,Ravner,jurelea.ravner@exemple.org
1041,Kaseno,Sorkan,kaseno.sorkan@exemple.org
1042,Yugare,Wennet,yugare.wennet@exemple.org
1043,Namarea,Nevsac,namarea.nevsac@courrier.test
1044,Yumaru,Dormer,yumaru.dormer31@exemple.org
1045,Sobori,Ostbel,sobori.ostbel@courrier.test
1046,Sevino,Torsac,sevino.torsac@courrier.test
1047,Tatarea,Pernet,tatarea.pernet@courrier.test
1048,Ortelan,Havgren,ortelan.havgren@courrier.test
1049,Misenan,Kelgren,misenan.kelgren@exemple.org
1050,Orgaro,Wenmont,orgaro.wenmont@exemple.org
1051,Seboran,Wenvane,seboran.wenvane43@courrier.test
1052,Jugari,Ravkan,jugari.ravkan@courrier.test
1053,Sovalo,Ravdis,sovalo.ravdis@mail.example
1054,Pinelo,Tormar,pinelo.tormar@mail.example
1055,Mimarin,Dunrand,mimarin.dunrand@courrier.test
1056,Lolono,Falver,lolono.falver@exemple.org
1057,Lorelu,Nevgren,lorelu.nevgren@courrier.test
1058,Talonea,Wenmer,talonea.wenmer83@exemple.org
1059,Manore,Havver,manore.havver@courrier.test
1060,Fetaran,Brensen,fetaran.brensen@exemple.org
1061,Nalonia,Pernet,nalonia.pernet@exemple.org
1062,Lodaro,Kelmar,lodaro.kelmar@exemple.org
1063,Zonoro,Torver,zonoro.torver@courrier.test
1064,Dutelia,Rosgren,dutelia.rosgren@exemple.org
1065,Sedaran,Nevbel,sedaran.nevbel27@courrier.test
1066,Fesenan,Havmer,fesenan.havmer@exemple.org
1067,Pidanan,Ravner,pidanan.ravner@courrier.test
1068,Fesole,Falsen,fesole.falsen@exemple.org
1069,Eldare,Rosnet,eldare.rosnet@courrier.test
1070,Yudarin,Brenmar,yudarin.brenmar@courrier.test
1071,Jusolea,Landal,jusolea.landal@courrier.test
1072,Dusolel,Wenner,dusolel.wenner59@exemple.org
1073,Lolonan,Valkan,lolonan.valkan@exemple.org
1074,Arlonel,Sornet,arlonel.sornet@mail.example
1075,Narisan,Havsac,narisan.havsac@exemple.org
1076,Sotela,Dormer,sotela.dormer@exemple.org
1077,Pivino,Havrand,pivino.havrand@exemple.org
1078,Sovali,Ravmer,sovali.ravmer@exemple.org
1079,Kadani,Cordal,kadani.cordal74@courrier.test
1080,Malisea,Havvoir,malisea.havvoir@courrier.test
1081,Yuteli,Wenbert,yuteli.wenbert@exemple.org
1082,Pilisea,Ostdal,pilisea.ostdal@exemple.org
1083,Zolonel,Rosdal,zolonel.rosdal@courrier.test
1084,Logara,Sorsac,logara.sorsac@courrier.test
1085,Semonel,Wendal,semonel.wendal@exemple.org
1086,Durelel,Dorkan,durelel.dorkan42@exemple.org
1087,Manore,Dundis,manore.dundis@courrier.test
1088,Dutelo,Ostver,dutelo.ostver@mail.example
1089,Lolisia,Galdal,lolisia.galdal@courrier.test
1090,Malonan,Pervane,malonan.pervane@courrier.test
1091,Manelu,Ostsac,manelu.ostsac@exemple.org
1092,Dudanel,Corbert,dudanel.corbert@exemple.org
1093,Kamarea,Dunvane,kamarea.dunvane56@exemple.org
1094,Nakeni,Havvane,nakeni.havvane@mail.example
1095,Mamonin,Perner,mamonin.perner@courrier.test
1096,Semonea,Kelbel,semonea.kelbel@courrier.test
1097,Fetelea,Valvane,fetelea.valvane@exemple.org
1098,Nanoro,Dunmont,nanoro.dunmont@exemple.org
1099,Ridaru,Havmar,ridaru.havmar@exemple.org
1100,Selise,Kelvoir,selise.kelvoir79@exemple.org
1101,Midara,Cordal,midara.cordal@courrier.test
1102,Tavinea,Lankan,tavinea.lankan@exemple.org
1103,Jumonu,Torver,jumonu.torver@exemple.org
1104,Milisia,Valnet,milisia.valnet@courrier.test
1105,Natelel,Galsen,natelel.galsen@courrier.test
1106,Vedaria,Falsen,vedaria.falsen@courrier.test
1107,Nadana,Ostver,nadana.ostver66@exemple.org
1108,Sesenin,Ravrand,sesenin.ravrand@courrier.test
1109,Fetarin,Ravdis,fetarin.ravdis@courrier.test
1110,Tasena,Sorvoir,tasena.sorvoir@exemple.org
1111,Dunelan,Dunvane,dunelan.dunvane@courrier.test
1112,Yulonan,Falvane,yulonan.falvane@exemple.org
1113,Kadari,Perdis,kadari.perdis@exemple.org
1114,Mavina,Corgren,mavina.corgren35@courrier.test
1115,Lodania,Dormar,lodania.dormar@exemple.org
1116,Ortelu,Dorner,ortelu.dorner@exemple.org
1117,Duvene,Rosvoir,duvene.rosvoir@exemple.org
1118,Arvenia,Rosner,arvenia.rosner@courrier.test
1119,Rimonia,Falsac,rimonia.falsac@exemple.org
1120,Pidari,Kelvane,pidari.kelvane@mail.example
1121,Narelu,Ravbert,narelu.ravbert34@exemple.org
1122,Vetara,Monlin,vetara.monlin@courrier.test
1123,Basolia,Cordis,basolia.cordis@exemple.org
1124,Fevinin,Ravmar,fevinin.ravmar@exemple.org
1125,Ferisi,Ravlin,ferisi.ravlin@mail.example
1126,Duvenan,Ravmer,duvenan.ravmer@exemple.org
1127,Vetelan,Landis,vetelan.landis@exemple.org
1128,Tatela,Brenrand,tatela.brenrand54@exemple.org
1129,Sevenan,Nevdal,sevenan.nevdal@exemple.org
1130,Ornore,Brenlin,ornore.brenlin@exemple.org
1131,Lodaria,Dunsac,lodaria.dunsac@courrier.test
1132,Zosolia,Ravver,zosolia.ravver@mail.example
1133,Sotare,Falmar,sotare.falmar@exemple.org
1134,Arsolea,Tardis,arsolea.tardis@courrier.test
1135,Vevalu,Tarvane,vevalu.tarvane29@exemple.org
1136,Sovala,Targren,sovala.targren@mail.example
1137,Zomoni,Sormar,zomoni.sormar@exemple.org
1138,Yumone,Ostsen,yumone.ostsen@mail.example
1139,Arvale,Ravrand,arvale.ravrand@exemple.org
1140,Zotele,Falgren,zotele.falgren@exemple.org
1141,Lovalea,Falbel,lovalea.falbel@mail.example
1142,Dulone,Ostdal,dulone.ostdal28@exemple.org
1143,Balisa,Sormar,balisa.sormar@exemple.org
1144,Lodano,Falbel,lodano.falbel@courrier.test
1145,Ormonan,Dorver,ormonan.dorver@exemple.org
1146,Sosenu,Dorsen,sosenu.dorsen@courrier.test
1147,Sodane,Pertier,sodane.pertier@exemple.org
1148,Fedanel,Pervane,fedanel.pervane@mail.example
1149,Sovala,Dorvane,sovala.dorvane66@exemple.org
1150,Juliso,Monbert,juliso.monbert@mail.example
1151,Mivena,Torkan,mivena.torkan@exemple.org
1152,Elkeni,Nevdis,elkeni.nevdis@mail.example
1153,Miriso,Pervoir,miriso.pervoir@courrier.test
1154,Felone,Brenver,felone.brenver@exemple.org
1155,Elsolia,Brenmont,elsolia.brenmont@courrier.test
1156,Manorea,Langren,manorea.langren8@exemple.org
1157,Katarea,Rosvane,katarea.rosvane@courrier.test
1158,Barelo,Falsac,barelo.falsac@mail.example
1159,Eltaran,Kelkan,eltaran.kelkan@mail.example
1160,Nasola,Keldis,nasola.keldis@exemple.org
1161,Orbora,Ravmar,orbora.ravmar@exemple.org
1162,Mavinu,Monlin,mavinu.monlin@exemple.org
1163,Sodanu,Perner,sodanu.perner62@mail.example
1164,Misolu,Rosrand,misolu.rosrand@courrier.test
1165,Jukenu,Brengren,jukenu.brengren@exemple.org
1166,Dusenel,Havsen,dusenel.havsen@courrier.test
1167,Nanora,Dorlais,nanora.dorlais@exemple.org
1168,Masolan,Galkan,masolan.galkan@exemple.org
1169,Orvala,Corsen,orvala.corsen@exemple.org
1170,Makenel,Lanmont,makenel.lanmont76@exemple.org
1171,Kareli,Monner,kareli.monner@courrier.test
1172,Dugara,Valvane,dugara.valvane@exemple.org
1173,Lodarin,Faldal,lodarin.faldal@mail.example
1174,Armonan,Tarnet,armonan.tarnet@mail.example
1175,Dunore,Landis,dunore.landis@exemple.org
1176,Mavalo,Nevmer,mavalo.nevmer@courrier.test
1177,Sesole,Landis,sesole.landis70@courrier.test
1178,Navene,Rosbert,navene.rosbert@courrier.test
1179,Tadara,Rosvane,tadara.rosvane@courrier.test
1180,Yukenea,Dunmar,yukenea.dunmar@courrier.test
1181,Kaseni,Faldal,kaseni.faldal@courrier.test
1182,Mirelo,Valvane,mirelo.valvane@mail.example
1183,Femonel,Dunnet,femonel.dunnet@exemple.org
1184,Sonelan,Lansen,sonelan.lansen3@mail.example
1185,Zosenu,Dunbert,zosenu.dunbert@exemple.org
1186,Zonore,Falbel,zonore.falbel@courrier.test
1187,Vemari,Kelner,vemari.kelner@courrier.test
1188,Fevala,Duntier,fevala.duntier@exemple.org
1189,Rikenin,Cordis,rikenin.cordis@exemple.org
1190,Bakenu,Rosdis,bakenu.rosdis@mail.example
1191,Vebore,Corlin,vebore.corlin25@mail.example
1192,Sevenea,Dunbel,sevenea.dunbel@exemple.org
1193,Kaveni,Valdis,kaveni.valdis@courrier.test
1194,Lolonea,Falmont,lolonea.falmont@exemple.org
1195,Orrelan,Tarnet,orrelan.tarnet@courrier.test
1196,Talono,Dormont,talono.dormont@courrier.test
1197,Tadanea,Kelver,tadanea.kelver@mail.example
1198,Zogaru,Pertier,zogaru.pertier32@mail.example
1199,Lolisel,Havvane,lolisel.havvane@exemple.org
1200,Sedare,Kellin,sedare.kellin@mail.example
1201,Feborin,Brenver,feborin.brenver@courrier.test
1202,Kaliso,Dorbel,kaliso.dorbel@courrier.test
1203,Navenea,Roskan,navenea.roskan@courrier.test
1204,Lovalia,Rossen,lovalia.rossen@courrier.test
1205,Tanelel,Ostner,tanelel.ostner94@courrier.test
1206,Orvalia,Brenmar,orvalia.brenmar@courrier.test
1207,Vekenan,Faltier,vekenan.faltier@exemple.org
1208,Elvalea,Torlais,elvalea.torlais@exemple.org
1209,Zovena,Torkan,zovena.torkan@courrier.test
1210,Mireli,Fallin,mireli.fallin@mail.example
1211,Ormarin,Perner,ormarin.perner@exemple.org
1212,Basole,Dormont,basole.dormont27@exemple.org
1213,Badaran,Cordis,badaran.cordis@exemple.org
1214,Vetelin,Rosver,vetelin.rosver@exemple.org
1215,Jumaru,Permer,jumaru.permer@exemple.org
1216,Zovalea,Ravdis,zovalea.ravdis@exemple.org
1217,Mimaran,Havbel,mimaran.havbel@exemple.org
1218,Fenoru,Ravnet,fenoru.ravnet@mail.example
1219,Misenea,Torver,misenea.torver57@exemple.org
1220,Ordano,Falner,ordano.falner@exemple.org
1221,Arsolan,Ravtier,arsolan.ravtier@exemple.org
1222,Dulone,Cortier,dulone.cortier@courrier.test
1223,Orkena,Havtier,orkena.havtier@exemple.org
1224,Rirela,Havsen,rirela.havsen@exemple.org
1225,Ridare,Dorbert,ridare.dorbert@mail.example
1226,Mirelan,Tormer,mirelan.tormer97@mail.example
1227,Sedanu,Galmont,sedanu.galmont@exemple.org
1228,Mimonu,Tarsac,mimonu.tarsac@courrier.test
1229,Fesena,Valdal,fesena.valdal@exemple.org
1230,Badanel,Galdis,badanel.galdis@exemple.org
1231,Makena,Corgren,makena.corgren@mail.example
1232,Basolan,Rosnet,basolan.rosnet@exemple.org
1233,Pilonan,Dorner,pilonan.dorner45@exemple.org
1234,Duvinia,Galkan,duvinia.galkan@exemple.org
1235,Sonelan,Sortier,sonelan.sortier@exemple.org
1236,Yunoru,Nevvane,yunoru.nevvane@exemple.org
1237,Rilisi,Tormar,rilisi.tormar@exemple.org
1238,Selono,Valgren,selono.valgren@exemple.org
1239,Piveni,Rosmont,piveni.rosmont@exemple.org
1240,Tadarel,Corvoir,tadarel.corvoir11@exemple.org
1241,Arsenan,Lanmont,arsenan.lanmont@exemple.org
1242,Yunoru,Rosver,yunoru.rosver@exemple.org
1243,Bamarel,Kelver,bamarel.kelver@exemple.org
1244,Barelan,Nevbert,barelan.nevbert@exemple.org
1245,Sobori,Wendal,sobori.wendal@courrier.test
1246,Pitara,Perner,pitara.perner@exemple.org
1247,Pivine,Brenver,pivine.brenver69@exemple.org
1248,Miveni,Nevmar,miveni.nevmar@exemple.org
1249,Felisu,Dunkan,felisu.dunkan@courrier.test
1250,Vedanin,Gallais,vedanin.gallais@mail.example
1251,Lolonan,Dundis,lolonan.dundis@courrier.test
1252,Jurisa,Falver,jurisa.falver@exemple.org
1253,Pikenin,Wengren,pikenin.wengren@courrier.test
1254,Sebore,Corbel,sebore.corbel5@exemple.org
1255,Elrele,Wenlais,elrele.wenlais@mail.example
1256,Fetaran,Tordal,fetaran.tordal@courrier.test
1257,Minelea,Tarkan,minelea.tarkan@courrier.test
1258,Fetarea,Ostner,fetarea.ostner@exemple.org
1259,Yutarel,Valdal,yutarel.valdal@exemple.org
1260,Yusolin,Dorver,yusolin.dorver@exemple.org
1261,Lomarel,Ravtier,lomarel.ravtier50@exemple.org
1262,Solonan,Dunlin,solonan.dunlin@exemple.org
1263,Milonel,Permar,milonel.permar@mail.example
1264,Ardarel,Tordis,ardarel.tordis@mail.example
1265,Fetelan,Brensac,fetelan.brensac@exemple.org
1266,Piliso,Sorsac,piliso.sorsac@mail.example
1267,Orrelia,Galvoir,orrelia.galvoir@mail.example
1268,Bagaran,Dunmont,bagaran.dunmont36@exemple.org
1269,Zosolel,Ravvane,zosolel.ravvane@courrier.test
1270,Jutele,Tortier,jutele.tortier@courrier.test
1271,Mavalo,Lanmont,mavalo.lanmont@exemple.org
1272,Pidano,Havsen,pidano.havsen@exemple.org
1273,Yutaria,Dunmont,yutaria.dunmont@mail.example
1274,Jusolan,Lannet,jusolan.lannet@mail.example
1275,Zonela,Lanmar,zonela.lanmar5@exemple.org
1276,Sovina,Osttier,sovina.osttier@courrier.test
1277,Tasenu,Dorsen,tasenu.dorsen@exemple.org
1278,Yusolan,Ostnet,yusolan.ostnet@exemple.org
1279,Yutaran,Ravmer,yutaran.ravmer@courrier.test
1280,Judanea,Monver,judanea.monver@mail.example
1281,Duvalan,Nevdal,duvalan.nevdal@exemple.org
1282,Jumarin,Havmont,jumarin.havmont78@courrier.test
1283,Kavalea,Lanmont,kavalea.lanmont@courrier.test
1284,Argaran,Galnet,argaran.galnet@courrier.test
1285,Sogarel,Ostkan,sogarel.ostkan@courrier.test
1286,Arsenia,Dorrand,arsenia.dorrand@mail.example
1287,Rimari,Permar,rimari.permar@exemple.org
1288,Elrelel,Havsac,elrelel.havsac@exemple.org
1289,Loloni,Lanner,loloni.lanner9@courrier.test
1290,Artele,Fallais,artele.fallais@courrier.test
1291,Sesenin,Falver,sesenin.falver@mail.example
1292,Juloni,Monbel,juloni.monbel@exemple.org
1293,Velone,Dormar,velone.dormar@exemple.org
1294,Dubore,Lankan,dubore.lankan@exemple.org
1295,Lovino,Havdis,lovino.havdis@exemple.org
1296,Mikeni,Corlin,mikeni.corlin73@exemple.org
1297,Somare,Perdal,somare.perdal@exemple.org
1298,Nalonel,Dorlin,nalonel.dorlin@mail.example
1299,Takenan,Nevmar,takenan.nevmar@exemple.org
1300,Lomaro,Falgren,lomaro.falgren@exemple.org
1301,Arnorea,Sorsen,arnorea.sorsen@exemple.org
1302,Marisi,Dunlin,marisi.dunlin@courrier.test
1303,Tamonel,Dunvoir,tamonel.dunvoir67@courrier.test
1304,Semaria,Lanmont,semaria.lanmont@exemple.org
1305,Losolu,Valmer,losolu.valmer@courrier.test
1306,Judania,Kelmer,judania.kelmer@exemple.org
1307,Balonan,Havrand,balonan.havrand@exemple.org
1308,Basolo,Havver,basolo.havver@exemple.org
1309,Lovalel,Torbel,lovalel.torbel@exemple.org
1310,Mikeni,Wenmar,mikeni.wenmar78@courrier.test
1311,Vesolan,Wenner,vesolan.wenner@exemple.org
1312,Kamarea,Wendal,kamarea.wendal@exemple.org
1313,Maseno,Kelkan,maseno.kelkan@exemple.org
1314,Bavalel,Valvoir,bavalel.valvoir@courrier.test
1315,Juboru,Havbert,juboru.havbert@courrier.test
1316,Durelia,Wenbel,durelia.wenbel@mail.example
1317,Elveno,Dordal,elveno.dordal16@mail.example
1318,Fesenu,Dunbert,fesenu.dunbert@courrier.test
1319,Jugari,Corlin,jugari.corlin@exemple.org
1320,Fevinan,Perrand,fevinan.perrand@exemple.org
1321,Zogarin,Valbel,zogarin.valbel@exemple.org
1322,Yumonu,Rosrand,yumonu.rosrand@courrier.test
1323,Rikeni,Dunbel,rikeni.dunbel@exemple.org
1324,Sovena,Galdis,sovena.galdis40@exemple.org
1325,Lorelan,Kelmer,lorelan.kelmer@courrier.test
1326,Ridana,Tarlais,ridana.tarlais@exemple.org
1327,Natele,Roslais,natele.roslais@courrier.test
1328,Arlisa,Ravbert,arlisa.ravbert@exemple.org
1329,Mirisea,Perlais,mirisea.perlais@mail.example
1330,Dusole,Tornet,dusole.tornet@courrier.test
1331,Tarelu,Tordal,tarelu.tordal93@exemple.org
1332,Miseni,Perbel,miseni.perbel@mail.example
1333,Tasolan,Nevsen,tasolan.nevsen@courrier.test
1334,Argare,Ravkan,argare.ravkan@courrier.test
1335,Nadane,Galver,nadane.galver@exemple.org
1336,Dukenan,Faldal,dukenan.faldal@exemple.org
1337,Jurise,Havner,jurise.havner@exemple.org
1338,Yuvene,Fallin,yuvene.fallin5@mail.example
1339,Madaria,Tormer,madaria.tormer@exemple.org
1340,Talono,Kelvoir,talono.kelvoir@exemple.org
1341,Ririsea,Tarmer,ririsea.tarmer@courrier.test
1342,Yulisia,Tardis,yulisia.tardis@courrier.test
1343,Lovalel,Corsac,lovalel.corsac@exemple.org
1344,Sedarea,Galgren,sedarea.galgren@exemple.org
1345,Venori,Rosver,venori.rosver51@courrier.test
1346,Sobore,Tordis,sobore.tordis@exemple.org
1347,Milisu,Monmar,milisu.monmar@courrier.test
1348,Somara,Lanlais,somara.lanlais@mail.example
1349,Zovenin,Sorkan,zovenin.sorkan@courrier.test
1350,Pirisi,Corvane,pirisi.corvane@exemple.org
1351,Ferelu,Fallais,ferelu.fallais@mail.example
1352,Sedanel,Permar,sedanel.permar28@exemple.org
1353,Zovina,Dormont,zovina.dormont@exemple.org
1354,Solonin,Corvane,solonin.corvane@exemple.org
1355,Sovene,Mongren,sovene.mongren@exemple.org
1356,Sorelia,Cornet,sorelia.cornet@mail.example
1357,Sodarel,Wenvane,sodarel.wenvane@mail.example
1358,Sogaru,Lannet,sogaru.lannet@exemple.org
1359,Kalonin,Osttier,kalonin.osttier1@exemple.org
1360,Narisel,Monsac,narisel.monsac@courrier.test
1361,Senelo,Ostlais,senelo.ostlais@exemple.org
1362,Fetarel,Perkan,fetarel.perkan@exemple.org
1363,Yuboran,Wenlin,yuboran.wenlin@courrier.test
1364,Pirisel,Corvane,pirisel.corvane@exemple.org
1365,Julonan,Perver,julonan.perver@courrier.test
1366,Venorea,Valvane,venorea.valvane38@courrier.test
1367,Kasoli,Falsac,kasoli.falsac@courrier.test
1368,Jusole,Landal,jusole.landal@exemple.org
1369,Mivinan,Kelbert,mivinan.kelbert@mail.example
1370,Vemarea,Wenbel,vemarea.wenbel@exemple.org
1371,Durela,Perbel,durela.perbel@mail.example
1372,Ellono,Tarver,ellono.tarver@exemple.org
1373,Armare,Havmont,armare.havmont45@exemple.org
1374,Elvenea,Ravlin,elvenea.ravlin@exemple.org
1375,Zovenel,Tarmar,zovenel.tarmar@exemple.org
1376,Elmari,Rosdis,elmari.rosdis@courrier.test
1377,Loloni,Falvoir,loloni.falvoir@courrier.test
1378,Sedari,Monkan,sedari.monkan@exemple.org
1379,Orsena,Wensen,orsena.wensen@exemple.org
1380,Jutelo,Torrand,jutelo.torrand85@courrier.test
1381,Nasena,Ostmar,nasena.ostmar@mail.example
1382,Jurelea,Brenrand,jurelea.brenrand@exemple.org
1383,Yunorin,Tarrand,yunorin.tarrand@exemple.org
1384,Velisan,Lanvoir,velisan.lanvoir@courrier.test
1385,Soboru,Wenrand,soboru.wenrand@mail.example
1386,Arvenin,Sorver,arvenin.sorver@mail.example
1387,Elboru,Montier,elboru.montier20@exemple.org
1388,Manelia,Valsac,manelia.valsac@courrier.test
1389,Narisa,Ostbel,narisa.ostbel@mail.example
1390,Sodania,Rosbert,sodania.rosbert@courrier.test
1391,Dusola,Brenrand,dusola.brenrand@exemple.org
1392,Yuvinan,Ravvoir,yuvinan.ravvoir@mail.example
1393,Elnelo,Vallais,elnelo.vallais@exemple.org
1394,Zotelo,Rosmar,zotelo.rosmar46@mail.example
1395,Orvinu,Ravlin,orvinu.ravlin@exemple.org
1396,Zoborea,Torvoir,zoborea.torvoir@courrier.test
1397,Kalisa,Keltier,kalisa.keltier@courrier.test
1398,Arbori,Ostdal,arbori.ostdal@courrier.test
1399,Talisea,Brenbert,talisea.brenbert@courrier.test
1400,Dusenel,Monner,dusenel.monner@mail.example
1401,Pilise,Tarmer,pilise.tarmer47@exemple.org
1402,Juvalan,Ostsac,juvalan.ostsac@courrier.test
1403,Malonin,Dunrand,malonin.dunrand@courrier.test
1404,Venelea,Vallin,venelea.vallin@courrier.test
1405,Balisu,Perdal,balisu.perdal@mail.example
1406,Juborea,Galgren,juborea.galgren@exemple.org
1407,Sokene,Tarver,sokene.tarver@exemple.org
1408,Sodanan,Brenmer,sodanan.brenmer43@courrier.test
1409,Kaborel,Falbert,kaborel.falbert@courrier.test
1410,Kanore,Rosvane,kanore.rosvane@exemple.org
1411,Ortelo,Ostbel,ortelo.ostbel@courrier.test
1412,Minelo,Valver,minelo.valver@exemple.org
1413,Seneli,Torrand,seneli.torrand@exemple.org
1414,Orvenel,Dorsac,orvenel.dorsac@mail.example
1415,Takenea,Falmont,takenea.falmont76@exemple.org
1416,Banorin,Rosmer,banorin.rosmer@courrier.test
1417,Yudanu,Nevbel,yudanu.nevbel@courrier.test
1418,Sekenea,Brengren,sekenea.brengren@mail.example
1419,Zorelan,Ostlin,zorelan.ostlin@exemple.org
1420,Sovalu,Kelsac,sovalu.kelsac@exemple.org
1421,Bagarea,Wenvane,bagarea.wenvane@courrier.test
1422,Velona,Havtier,velona.havtier69@exemple.org
1423,Lomarel,Dormont,lomarel.dormont@courrier.test
1424,Misenea,Dunmer,misenea.dunmer@exemple.org
1425,Barelin,Perner,barelin.perner@courrier.test
1426,Pitelea,Wengren,pitelea.wengren@exemple.org
1427,Juriso,Galnet,juriso.galnet@mail.example
1428,Argarea,Galvane,argarea.galvane@courrier.test
1429,Pidani,Wensen,pidani.wensen96@mail.example
1430,Zodanin,Monver,zodanin.monver@courrier.test
1431,Jumonu,Brengren,jumonu.brengren@exemple.org
1432,Kasenu,Perver,kasenu.perver@mail.example
1433,Magaria,Tarlin,magaria.tarlin@exemple.org
1434,Vemarea,Brenrand,vemarea.brenrand@mail.example
1435,Vemono,Galvane,vemono.galvane@exemple.org
1436,Yunora,Brenmar,yunora.brenmar78@exemple.org
1437,Tarisu,Valver,tarisu.valver@exemple.org
1438,Dudanea,Brendal,dudanea.brendal@courrier.test
1439,Loboria,Havtier,loboria.havtier@courrier.test
1440,Lodanea,Keldal,lodanea.keldal@exemple.org
1441,Marelea,Ostmar,marelea.ostmar@exemple.org
1442,Piveni,Tarsac,piveni.tarsac@exemple.org
1443,Ormonan,Corsac,ormonan.corsac27@exemple.org
1444,Sevalin,Perner,sevalin.perner@mail.example
1445,Manelo,Gallin,manelo.gallin@courrier.test
1446,Tataria,Corner,tataria.corner@courrier.test
1447,Tasena,Sorrand,tasena.sorrand@courrier.test
1448,Ornoro,Kelsac,ornoro.kelsac@mail.example
1449,Vevinu,Ravbel,vevinu.ravbel@exemple.org
1450,Durela,Rosrand,durela.rosrand87@exemple.org
1451,Lovinin,Tortier,lovinin.tortier@exemple.org
1452,Bakenia,Roslais,bakenia.roslais@mail.example
1453,Kavalel,Ravkan,kavalel.ravkan@courrier.test
1454,Fekenia,Sordal,fekenia.sordal@courrier.test
1455,Vesenea,Ostver,vesenea.ostver@courrier.test
1456,Yumono,Monner,yumono.monner@courrier.test
1457,Dutara,Valvane,dutara.valvane51@courrier.test
1458,Femaro,Rosbert,femaro.rosbert@exemple.org
1459,Artari,Dungren,artari.dungren@exemple.org
1460,Kadani,Brenver,kadani.brenver@courrier.test
1461,Dumonia,Ostmar,dumonia.ostmar@mail.example
1462,Somari,Ravner,somari.ravner@exemple.org
1463,Nasole,Pergren,nasole.pergren@exemple.org
1464,Zorisan,Valmar,zorisan.valmar85@exemple.org
1465,Nasolin,Brentier,nasolin.brentier@exemple.org
1466,Sodare,Nevbel,sodare.nevbel@mail.example
1467,Pirisin,Perbert,pirisin.perbert@exemple.org
1468,Zorisia,Ravrand,zorisia.ravrand@mail.example
1469,Pirelu,Dorner,pirelu.dorner@exemple.org
1470,Tamari,Wensen,tamari.wensen@courrier.test
1471,Zomonan,Cortier,zomonan.cortier1@exemple.org
1472,Taveni,Sorkan,taveni.sorkan@exemple.org
1473,Mimarel,Falsac,mimarel.falsac@exemple.org
1474,Fedari,Sorsen,fedari.sorsen@exemple.org
1475,Vekena,Lanvane,vekena.lanvane@exemple.org
1476,Kaborin,Valvoir,kaborin.valvoir@courrier.test
1477,Velisu,Havgren,velisu.havgren@mail.example
1478,Zovine,Nevbel,zovine.nevbel27@mail.example
1479,Duvine,Brenvoir,duvine.brenvoir@exemple.org
1480,Dugarea,Landal,dugarea.landal@exemple.org
1481,Arlisia,Kelrand,arlisia.kelrand@exemple.org
1482,Marelia,Havbel,marelia.havbel@courrier.test
1483,Pinelel,Pervoir,pinelel.pervoir@courrier.test
1484,Tasenin,Nevtier,tasenin.nevtier@exemple.org
1485,Dutele,Ostlin,dutele.ostlin73@mail.example
1486,Sorisi,Monvoir,sorisi.monvoir@exemple.org
1487,Pisolu,Rosgren,pisolu.rosgren@courrier.test
1488,Fevalia,Brenmar,fevalia.brenmar@courrier.test
1489,Zodano,Nevrand,zodano.nevrand@exemple.org
1490,Jutelu,Falbel,jutelu.falbel@exemple.org
1491,Bamarin,Sorlin,bamarin.sorlin@mail.example
1492,Argare,Monsen,argare.monsen27@exemple.org
1493,Lovinia,Torrand,lovinia.torrand@exemple.org
1494,Orsenea,Brenmont,orsenea.brenmont@exemple.org
1495,Lodanea,Perlin,lodanea.perlin@exemple.org
1496,Yunora,Lanrand,yunora.lanrand@courrier.test
1497,Milono,Keldal,milono.keldal@exemple.org
1498,Lodare,Monvane,lodare.monvane@courrier.test
1499,Kavinu,Dunnet,kavinu.dunnet1@exemple.org
1500,Fenela,Wentier,fenela.wentier@exemple.org
1501,Vedana,Nevner,vedana.nevner@courrier.test
1502,Yugarin,Nevvane,yugarin.nevvane@courrier.test
1503,Zovina,Brenvoir,zovina.brenvoir@exemple.org
1504,Miriso,Rosnet,miriso.rosnet@mail.example
1505,Sesola,Tortier,sesola.tortier@courrier.test
1506,Yuvale,Valmar,yuvale.valmar14@mail.example
1507,Jurelia,Dunrand,jurelia.dunrand@mail.example
1508,Mamonia,Wensac,mamonia.wensac@mail.example
1509,Orvenu,Pergren,orvenu.pergren@courrier.test
1510,Mimonia,Permar,mimonia.permar@mail.example
1511,Lovinin,Monlin,lovinin.monlin@mail.example
1512,Vegarel,Dorrand,vegarel.dorrand@mail.example
1513,Sekena,Sorsen,sekena.sorsen79@courrier.test
1514,Madane,Sorsen,madane.sorsen@exemple.org
1515,Rimari,Nevnet,rimari.nevnet@exemple.org
1516,Zorelu,Valvoir,zorelu.valvoir@exemple.org
1517,Arlisin,Tormont,arlisin.tormont@courrier.test
1518,Sotelu,Torbert,sotelu.torbert@courrier.test
1519,Durelu,Sorbert,durelu.sorbert@mail.example
1520,Elveno,Roslais,elveno.roslais86@mail.example
1521,Mimara,Ostmer,mimara.ostmer@exemple.org
1522,Orlisia,Dorkan,orlisia.dorkan@mail.example
1523,Selisel,Sorbel,selisel.sorbel@mail.example
1524,Mivalan,Ravvane,mivalan.ravvane@courrier.test
1525,Zokenin,Tarlais,zokenin.tarlais@mail.example
1526,Natelin,Landis,natelin.landis@exemple.org
1527,Misola,Sorvoir,misola.sorvoir85@exemple.org
1528,Sotelin,Dorsac,sotelin.dorsac@courrier.test
1529,Lomara,Havrand,lomara.havrand@mail.example
1530,Barelu,Corlais,barelu.corlais@courrier.test
1531,Talise,Rosner,talise.rosner@exemple.org
1532,Elmonin,Ostdis,elmonin.ostdis@mail.example
1533,Rimarin,Brenver,rimarin.brenver@exemple.org
1534,Navenin,Nevtier,navenin.nevtier26@exemple.org
1535,Fedari,Galmont,fedari.galmont@courrier.test
1536,Somaran,Monvoir,somaran.monvoir@courrier.test
1537,Ortelea,Valmar,ortelea.valmar@exemple.org
1538,Nanorin,Dornet,nanorin.dornet@exemple.org
1539,Dugaria,Nevsac,dugaria.nevsac@courrier.test
1540,Zokenel,Dormer,zokenel.dormer@exemple.org
1541,Elriso,Keldal,elriso.keldal48@exemple.org
1542,Dutarel,Falmont,dutarel.falmont@mail.example
1543,Ormaru,Wenvoir,ormaru.wenvoir@mail.example
1544,Vegara,Wensac,vegara.wensac@courrier.test
1545,Ferele,Kelsen,ferele.kelsen@mail.example
1546,Ridani,Dorbel,ridani.dorbel@courrier.test
1547,Elkene,Havbel,elkene.havbel@courrier.test
1548,Zovenea,Kelsen,zovenea.kelsen67@courrier.test
1549,Vedana,Fallais,vedana.fallais@exemple.org
1550,Zolonan,Dorsac,zolonan.dorsac@courrier.test
1551,Miborel,Dunner,miborel.dunner@exemple.org
1552,Tamonan,Falmer,tamonan.falmer@courrier.test
1553,Juvena,Pergren,juvena.pergren@courrier.test
1554,Zovini,Tarver,zovini.tarver@mail.example
1555,Orvalo,Valbel,orvalo.valbel15@exemple.org
1556,Juvala,Falrand,juvala.falrand@courrier.test
1557,Rinorea,Ostmer,rinorea.ostmer@courrier.test
1558,Kavalel,Falvane,kavalel.falvane@courrier.test
1559,Ririse,Wentier,ririse.wentier@courrier.test
1560,Elboru,Nevtier,elboru.nevtier@exemple.org
1561,Artelan,Falver,artelan.falver@exemple.org
1562,Naveno,Rosvoir,naveno.rosvoir70@exemple.org
1563,Lovinel,Havver,lovinel.havver@exemple.org
1564,Sotari,Corrand,sotari.corrand@mail.example
1565,Namonan,Valver,namonan.valver@exemple.org
1566,Arvenia,Galnet,arvenia.galnet@courrier.test
1567,Batara,Brensen,batara.brensen@courrier.test
1568,Elrisea,Montier,elrisea.montier@exemple.org
1569,Arnorea,Brenlais,arnorea.brenlais49@courrier.test
1570,Eldari,Sorsac,eldari.sorsac@exemple.org
1571,Mivina,Corgren,mivina.corgren@exemple.org
1572,Karise,Valnet,karise.valnet@courrier.test
1573,Malonin,Brenmer,malonin.brenmer@exemple.org
1574,Tadanan,Ravmar,tadanan.ravmar@mail.example
1575,Ririsel,Wenmer,ririsel.wenmer@exemple.org
1576,Bavali,Rosvane,bavali.rosvane25@exemple.org
1577,Yugaru,Brenvoir,yugaru.brenvoir@exemple.org
1578,Pilona,Rosver,pilona.rosver@courrier.test
1579,Bakenan,Mondis,bakenan.mondis@exemple.org
1580,Zodara,Tortier,zodara.tortier@mail.example
1581,Talisu,Perdis,talisu.perdis@exemple.org
1582,Mineli,Sorbert,mineli.sorbert@courrier.test
1583,Pirisa,Falmar,pirisa.falmar48@courrier.test
1584,Eltela,Valgren,eltela.valgren@exemple.org
1585,Orloni,Brenner,orloni.brenner@exemple.org
1586,Yugarel,Nevkan,yugarel.nevkan@exemple.org
1587,Eldane,Dornet,eldane.dornet@mail.example
1588,Mirisia,Ostsen,mirisia.ostsen@exemple.org
1589,Marele,Faldis,marele.faldis@courrier.test
1590,Sogaro,Tarvoir,sogaro.tarvoir94@exemple.org
1591,Vesenu,Duntier,vesenu.duntier@courrier.test
1592,Lotelea,Fallin,lotelea.fallin@exemple.org
1593,Sekenan,Monrand,sekenan.monrand@exemple.org
1594,Lovala,Falsac,lovala.falsac@exemple.org
1595,Tarelo,Tarmer,tarelo.tarmer@exemple.org
1596,Kakeni,Ostver,kakeni.ostver@exemple.org
1597,Sosenan,Brentier,sosenan.brentier10@courrier.test
1598,Arborel,Pervoir,arborel.pervoir@courrier.test
1599,Narele,Ravdis,narele.ravdis@courrier.test
1600,Febori,Dorner,febori.dorner@exemple.org
1601,Mitaro,Havsen,mitaro.havsen@courrier.test
1602,Zoboria,Tarmont,zoboria.tarmont@exemple.org
1603,Takenia,Dunmont,takenia.dunmont@mail.example
1604,Tavalea,Lanbel,tavalea.lanbel91@exemple.org
1605,Pisole,Nevrand,pisole.nevrand@mail.example
1606,Juliso,Ostdal,juliso.ostdal@courrier.test
1607,Narele,Brendis,narele.brendis@mail.example
1608,Mitele,Osttier,mitele.osttier@exemple.org
1609,Mivena,Ravtier,mivena.ravtier@mail.example
1610,Zomonin,Valgren,zomonin.valgren@exemple.org
1611,Dunoran,Galnet,dunoran.galnet70@courrier.test
1612,Naboria,Galgren,naboria.galgren@courrier.test
1613,Orsena,Sornet,orsena.sornet@courrier.test
1614,Sosoli,Havner,sosoli.havner@exemple.org
1615,Feborea,Keldal,feborea.keldal@exemple.org
1616,Yunore,Ravlin,yunore.ravlin@exemple.org
1617,Elrisia,Rosbert,elrisia.rosbert@mail.example
1618,Vevinia,Sorvane,vevinia.sorvane92@exemple.org
1619,Talisan,Ravnet,talisan.ravnet@exemple.org
1620,Masenel,Corgren,masenel.corgren@courrier.test
1621,Jusolin,Ravmar,jusolin.ravmar@exemple.org
1622,Elgaran,Monver,elgaran.monver@courrier.test
1623,Basole,Brensen,basole.brensen@courrier.test
1624,Tasenan,Dunmer,tasenan.dunmer@mail.example
1625,Rivene,Cormar,rivene.cormar49@mail.example
1626,Jubore,Sorgren,jubore.sorgren@exemple.org
1627,Jumono,Monvane,jumono.monvane@exemple.org
1628,Kagaran,Perkan,kagaran.perkan@exemple.org
1629,Lomonea,Dormont,lomonea.dormont@mail.example
1630,Vereli,Perkan,vereli.perkan@courrier.test
1631,Vedana,Rosner,vedana.rosner@exemple.org
1632,Mitelel,Corkan,mitelel.corkan85@mail.example
1633,Dudaro,Tormar,dudaro.tormar@exemple.org
1634,Elsene,Valbert,elsene.valbert@courrier.test
1635,Senoran,Sormar,senoran.sormar@mail.example
1636,Zosolia,Wenlin,zosolia.wenlin@exemple.org
1637,Junoro,Torvoir,junoro.torvoir@exemple.org
1638,Lodare,Dunbert,lodare.dunbert@mail.example
1639,Tadare,Permont,tadare.permont96@exemple.org
1640,Mavinia,Dorbel,mavinia.dorbel@mail.example
1641,Argaria,Torbel,argaria.torbel@mail.example
1642,Sovine,Ravdal,sovine.ravdal@exemple.org
1643,Semono,Lanver,semono.lanver@exemple.org
1644,Armonel,Kelbel,armonel.kelbel@mail.example
1645,Elnoran,Sorver,elnoran.sorver@exemple.org
1646,Setaro,Dordal,setaro.dordal46@courrier.test
1647,Zokeno,Roskan,zokeno.roskan@courrier.test
1648,Dukeno,Dunvoir,dukeno.dunvoir@courrier.test
1649,Yudanea,Tornet,yudanea.tornet@exemple.org
1650,Pisole,Corvoir,pisole.corvoir@mail.example
1651,Ardani,Kelver,ardani.kelver@courrier.test
1652,Ortelin,Mondis,ortelin.mondis@exemple.org
1653,Banoro,Ravver,banoro.ravver72@exemple.org
1654,Tadaru,Dorsac,tadaru.dorsac@exemple.org
1655,Fekenia,Dormer,fekenia.dormer@exemple.org
1656,Ritaria,Tarnet,ritaria.tarnet@exemple.org
1657,Nanoran,Rosvane,nanoran.rosvane@exemple.org
1658,Yumaria,Mongren,yumaria.mongren@courrier.test
1659,Dudana,Rossen,dudana.rossen@exemple.org
1660,Minore,Torvane,minore.torvane9@mail.example
1661,Kanelel,Sornet,kanelel.sornet@courrier.test
1662,Balisel,Brendal,balisel.brendal@courrier.test
1663,Nagare,Wenmer,nagare.wenmer@courrier.test
1664,Dutaria,Dunmont,dutaria.dunmont@courrier.test
1665,Fesenel,Valbel,fesenel.valbel@mail.example
1666,Mitelia,Ostvane,mitelia.ostvane@mail.example
1667,Nakenea,Rostier,nakenea.rostier15@exemple.org
1668,Rivenea,Monbel,rivenea.monbel@courrier.test
1669,Vereli,Dunlin,vereli.dunlin@exemple.org
1670,Vegarin,Valgren,vegarin.valgren@exemple.org
1671,Somoni,Rosvoir,somoni.rosvoir@mail.example
1672,Dulonel,Sorlin,dulonel.sorlin@exemple.org
1673,Yuvine,Falnet,yuvine.falnet@exemple.org
1674,Elgarel,Galdal,elgarel.galdal77@exemple.org
1675,Yuboru,Sorrand,yuboru.sorrand@courrier.test
1676,Lobora,Tarmar,lobora.tarmar@courrier.test
1677,Feboran,Brentier,feboran.brentier@mail.example
1678,Malisel,Torrand,malisel.torrand@exemple.org
1679,Fevale,Lankan,fevale.lankan@exemple.org
1680,Semonel,Tarvoir,semonel.tarvoir@courrier.test
1681,Mitela,Mongren,mitela.mongren89@exemple.org
1682,Bamonan,Ravver,bamonan.ravver@exemple.org
1683,Lolisu,Ostbel,lolisu.ostbel@courrier.test
1684,Sesolin,Brenmont,sesolin.brenmont@exemple.org
1685,Rinoran,Permer,rinoran.permer@exemple.org
1686,Jubora,Sortier,jubora.sortier@exemple.org
1687,Minelia,Dorgren,minelia.dorgren@courrier.test
1688,Elkeni,Lansac,elkeni.lansac73@courrier.test
1689,Magaria,Cormer,magaria.cormer@exemple.org
1690,Jusolia,Roslais,jusolia.roslais@courrier.test
1691,Yulonia,Ravmer,yulonia.ravmer@courrier.test
1692,Vemarin,Lanbert,vemarin.lanbert@courrier.test
1693,Mareli,Tordal,mareli.tordal@exemple.org
1694,Milona,Nevlin,milona.nevlin@exemple.org
1695,Fenore,Faldis,fenore.faldis62@courrier.test
1696,Eltelea,Ravkan,eltelea.ravkan@exemple.org
1697,Maveno,Falgren,maveno.falgren@mail.example
1698,Arsene,Valmont,arsene.valmont@courrier.test
1699,Kaboru,Rosnet,kaboru.rosnet@exemple.org
1700,Semaru,Sormont,semaru.sormont@exemple.org
1701,Junore,Wengren,junore.wengren@courrier.test
1702,Orgarel,Kellin,orgarel.kellin31@mail.example
1703,Elmoni,Dorver,elmoni.dorver@courrier.test
1704,Feteli,Havrand,feteli.havrand@courrier.test
1705,Rirele,Lansen,rirele.lansen@exemple.org
1706,Dunele,Ostvoir,dunele.ostvoir@exemple.org
1707,Yumonel,Corrand,yumonel.corrand@exemple.org
1708,Kalonan,Cortier,kalonan.cortier@exemple.org
1709,Zovene,Monlais,zovene.monlais87@courrier.test
1710,Lorelel,Tartier,lorelel.tartier@courrier.test
1711,Migaran,Pervoir,migaran.pervoir@mail.example
1712,Vemare,Sorgren,vemare.sorgren@mail.example
1713,Yutele,Sornet,yutele.sornet@mail.example
1714,Serele,Dorkan,serele.dorkan@exemple.org
1715,Fedarel,Valrand,fedarel.valrand@exemple.org
1716,Tarele,Ostmer,tarele.ostmer44@exemple.org
1717,Kavale,Kelbert,kavale.kelbert@courrier.test
1718,Pitelel,Corsac,pitelel.corsac@mail.example
1719,Ritaria,Kelsen,ritaria.kelsen@mail.example
1720,Kaloni,Galtier,kaloni.galtier@exemple.org
1721,Rirelea,Brenvoir,rirelea.brenvoir@exemple.org
1722,Madara,Sormont,madara.sormont@courrier.test
1723,Vesolin,Nevdal,vesolin.nevdal22@exemple.org
1724,Nalisu,Tarver,nalisu.tarver@exemple.org
1725,Eldare,Valmer,eldare.valmer@courrier.test
1726,Orgaran,Dorvoir,orgaran.dorvoir@courrier.test
1727,Kalonia,Cormar,kalonia.cormar@courrier.test
1728,Dulonea,Brenmar,dulonea.brenmar@courrier.test
1729,Elrelin,Torlais,elrelin.torlais@exemple.org
1730,Zobori,Fallin,zobori.fallin3@courrier.test
1731,Migaru,Brensen,migaru.brensen@exemple.org
1732,Bavalea,Kelner,bavalea.kelner@mail.example
1733,Milisin,Lansen,milisin.lansen@exemple.org
1734,Judari,Ravnet,judari.ravnet@exemple.org
1735,Ordaran,Nevmont,ordaran.nevmont@exemple.org
1736,Bamona,Perbel,bamona.perbel@mail.example
1737,Rivalan,Monlin,rivalan.monlin76@courrier.test
1738,Yureli,Kelbert,yureli.kelbert@courrier.test
1739,Mireli,Sordis,mireli.sordis@exemple.org
1740,Kakeni,Cortier,kakeni.cortier@courrier.test
1741,Zomonin,Valgren,zomonin.valgren@exemple.org
1742,Maseni,Torsac,maseni.torsac@exemple.org
1743,Mirise,Havner,mirise.havner@exemple.org
1744,Velisu,Vallin,velisu.vallin70@exemple.org
1745,Fetari,Brenbel,fetari.brenbel@courrier.test
1746,Fedano,Ostsen,fedano.ostsen@courrier.test
1747,Tagaran,Lanmer,tagaran.lanmer@exemple.org
1748,Juvinin,Valtier,juvinin.valtier@mail.example
1749,Tavine,Lanmont,tavine.lanmont@exemple.org
1750,Yunora,Galsac,yunora.galsac@courrier.test
1751,Tavina,Brenvane,tavina.brenvane79@exemple.org
1752,Semara,Pertier,semara.pertier@mail.example
1753,Lovalia,Dormar,lovalia.dormar@mail.example
1754,Pineli,Ostrand,pineli.ostrand@exemple.org
1755,Yulisan,Perdis,yulisan.perdis@mail.example
1756,Lonoru,Dorsac,lonoru.dorsac@exemple.org
1757,Nasene,Tarlais,nasene.tarlais@mail.example
1758,Zodanea,Nevbert,zodanea.nevbert48@mail.example
1759,Yuvena,Ostlin,yuvena.ostlin@mail.example
1760,Elvino,Persac,elvino.persac@mail.example
1761,Milisea,Ravbel,milisea.ravbel@exemple.org
1762,Rimaru,Galsac,rimaru.galsac@mail.example
1763,Zovenu,Rosdal,zovenu.rosdal@mail.example
1764,Bamaran,Falgren,bamaran.falgren@mail.example
1765,Sevalo,Nevdal,sevalo.nevdal73@mail.example
1766,Masenin,Ostlais,masenin.ostlais@exemple.org
1767,Elsenel,Vallais,elsenel.vallais@exemple.org
1768,Seborea,Dormer,seborea.dormer@exemple.org
1769,Sedanan,Vallin,sedanan.vallin@exemple.org
1770,Selisel,Havlin,selisel.havlin@exemple.org
1771,Mivenin,Havtier,mivenin.havtier@courrier.test
1772,Orvalin,Rosrand,orvalin.rosrand12@exemple.org
1773,Sovine,Brenmar,sovine.brenmar@mail.example
1774,Vedanea,Valnet,vedanea.valnet@exemple.org
1775,Sekeno,Lansac,sekeno.lansac@exemple.org
1776,Pilone,Tarver,pilone.tarver@exemple.org
1777,Tarisa,Kelvane,tarisa.kelvane@exemple.org
1778,Misola,Perdal,misola.perdal@exemple.org
1779,Yuvenel,Havsen,yuvenel.havsen73@exemple.org
1780,Sedania,Galtier,sedania.galtier@exemple.org
1781,Feborel,Lanmer,feborel.lanmer@exemple.org
1782,Mimonel,Cordal,mimonel.cordal@mail.example
1783,Elneli,Torgren,elneli.torgren@exemple.org
1784,Tadara,Sorsen,tadara.sorsen@exemple.org
1785,Dugaru,Tarvoir,dugaru.tarvoir@courrier.test
1786,Kalona,Montier,kalona.montier62@courrier.test
1787,Yudarea,Cormont,yudarea.cormont@courrier.test
1788,Nakena,Sormont,nakena.sormont@exemple.org
1789,Nadarel,Landal,nadarel.landal@courrier.test
1790,Rinelu,Perdal,rinelu.perdal@exemple.org
1791,Navinia,Rosnet,navinia.rosnet@courrier.test
1792,Pigarea,Dorver,pigarea.dorver@courrier.test
1793,Fetelin,Dorlais,fetelin.dorlais14@exemple.org
1794,Pitelel,Wenbel,pitelel.wenbel@exemple.org
1795,Arborea,Monrand,arborea.monrand@courrier.test
1796,Ordari,Brenmont,ordari.brenmont@courrier.test
1797,Arvenu,Dorlais,arvenu.dorlais@courrier.test
1798,Veseno,Monlin,veseno.monlin@exemple.org
1799,Elmarea,Sorvane,elmarea.sorvane@mail.example
1800,Duteli,Brenlin,duteli.brenlin90@courrier.test
1801,Fetelo,Rosnet,fetelo.rosnet@courrier.test
1802,Orlonel,Kelkan,orlonel.kelkan@exemple.org
1803,Fevinia,Valvane,fevinia.valvane@mail.example
1804,Milonel,Rosrand,milonel.rosrand@exemple.org
1805,Ormonia,Monvane,ormonia.monvane@mail.example
1806,Orlisan,Sorgren,orlisan.sorgren@exemple.org
1807,Junelea,Nevtier,junelea.nevtier76@exemple.org
1808,Sodara,Pervane,sodara.pervane@exemple.org
1809,Pisolia,Dorrand,pisolia.dorrand@exemple.org
1810,Lomaru,Ostgren,lomaru.ostgren@mail.example
1811,Yulisa,Monmer,yulisa.monmer@courrier.test
1812,Lomonea,Falkan,lomonea.falkan@exemple.org
1813,Eldani,Rosmont,eldani.rosmont@exemple.org
1814,Narisea,Perbel,narisea.perbel47@exemple.org
1815,Tavino,Pernet,tavino.pernet@courrier.test
1816,Fetelan,Wenbert,fetelan.wenbert@exemple.org
1817,Yurela,Brengren,yurela.brengren@courrier.test
1818,Nadanel,Sornet,nadanel.sornet@exemple.org
1819,Fesenan,Brenbert,fesenan.brenbert@courrier.test
1820,Artaria,Vallin,artaria.vallin@exemple.org
1821,Kaboran,Valmar,kaboran.valmar23@mail.example
1822,Sotelea,Havdis,sotelea.havdis@mail.example
1823,Loseno,Galbel,loseno.galbel@exemple.org
1824,Junele,Havdal,junele.havdal@exemple.org
1825,Maborea,Havkan,maborea.havkan@courrier.test
1826,Arlisa,Falrand,arlisa.falrand@exemple.org
1827,Pivinu,Brentier,pivinu.brentier@courrier.test
1828,Orvenu,Ravver,orvenu.ravver39@courrier.test
1829,Yutarea,Brendis,yutarea.brendis@exemple.org
1830,Lodaria,Ravtier,lodaria.ravtier@exemple.org
1831,Mimono,Kelbel,mimono.kelbel@exemple.org
1832,Dunele,Torbert,dunele.torbert@courrier.test
1833,Seboria,Galsen,seboria.galsen@exemple.org
1834,Yulise,Kelgren,yulise.kelgren@exemple.org
1835,Tataro,Dormar,tataro.dormar38@exemple.org
1836,Kavenin,Vallais,kavenin.vallais@exemple.org
1837,Eldare,Tarlin,eldare.tarlin@exemple.org
1838,Jumoni,Nevsen,jumoni.nevsen@courrier.test
1839,Argaru,Dorvoir,argaru.dorvoir@exemple.org
1840,Sevinel,Ravver,sevinel.ravver@courrier.test
1841,Tavalin,Tarrand,tavalin.tarrand@exemple.org
1842,Sedanan,Tarver,sedanan.tarver33@exemple.org
1843,Badarel,Galmer,badarel.galmer@exemple.org
1844,Nasena,Roslais,nasena.roslais@exemple.org
1845,Ririse,Ravrand,ririse.ravrand@courrier.test
1846,Pikenel,Cortier,pikenel.cortier@mail.example
1847,Malonin,Falbel,malonin.falbel@mail.example
1848,Babori,Kelvoir,babori.kelvoir@exemple.org
1849,Orkeni,Monmer,orkeni.monmer55@courrier.test
1850,Arvala,Monsac,arvala.monsac@exemple.org
1851,Banelan,Nevnet,banelan.nevnet@mail.example
1852,Nalonin,Brenkan,nalonin.brenkan@mail.example
1853,Rikeni,Falmont,rikeni.falmont@exemple.org
1854,Bakenia,Ravnet,bakenia.ravnet@exemple.org
1855,Tadana,Kellais,tadana.kellais@exemple.org
1856,Orvalo,Nevlin,orvalo.nevlin21@mail.example
1857,Pivini,Falsac,pivini.falsac@courrier.test
1858,Ardara,Dorsen,ardara.dorsen@courrier.test
1859,Mivale,Falsen,mivale.falsen@exemple.org
1860,Vegari,Wengren,vegari.wengren@exemple.org
1861,Dusolia,Sorkan,dusolia.sorkan@mail.example
1862,Vedari,Sornet,vedari.sornet@courrier.test
1863,Manelan,Tarsac,manelan.tarsac92@courrier.test
1864,Jusenin,Faldal,jusenin.faldal@exemple.org
1865,Lokenin,Corbel,lokenin.corbel@courrier.test
1866,Arlisia,Keldis,arlisia.keldis@exemple.org
1867,Elkenel,Wenmont,elkenel.wenmont@mail.example
1868,Lonelan,Kelbert,lonelan.kelbert@exemple.org
1869,Piveni,Dorvoir,piveni.dorvoir@courrier.test
1870,Eldanan,Ravmont,eldanan.ravmont32@mail.example
1871,Dutela,Falmont,dutela.falmont@exemple.org
1872,Arvinin,Lanver,arvinin.lanver@mail.example
1873,Jurisa,Dorver,jurisa.dorver@mail.example
1874,Veborel,Kellais,veborel.kellais@exemple.org
1875,Mivini,Falvane,mivini.falvane@courrier.test
1876,Kagare,Sordis,kagare.sordis@mail.example
1877,Bamaro,Nevvane,bamaro.nevvane60@mail.example
1878,Sorelin,Kelvoir,sorelin.kelvoir@courrier.test
1879,Sevenu,Corver,sevenu.corver@courrier.test
1880,Sotaran,Torsen,sotaran.torsen@exemple.org
1881,Armaria,Ravnet,armaria.ravnet@courrier.test
1882,Natarea,Tarsen,natarea.tarsen@exemple.org
1883,Barelo,Ravdal,barelo.ravdal@mail.example
1884,Feveni,Tarvane,feveni.tarvane77@courrier.test
1885,Tarelea,Ravsac,tarelea.ravsac@exemple.org
1886,Sovala,Dundal,sovala.dundal@exemple.org
1887,Loboru,Dornet,loboru.dornet@mail.example
1888,Sosenan,Valkan,sosenan.valkan@courrier.test
1889,Femoni,Keltier,femoni.keltier@mail.example
1890,Fesolu,Ravlin,fesolu.ravlin@courrier.test
1891,Julisu,Cordis,julisu.cordis78@exemple.org
1892,Mamonia,Brenbel,mamonia.brenbel@exemple.org
1893,Ornorin,Nevlin,ornorin.nevlin@exemple.org
1894,Senoro,Dorvoir,senoro.dorvoir@exemple.org
1895,Segarea,Valrand,segarea.valrand@mail.example
1896,Ririso,Brenner,ririso.brenner@exemple.org
1897,Julono,Ostnet,julono.ostnet@courrier.test
1898,Sodanin,Dordis,sodanin.dordis11@exemple.org
1899,Dutaru,Brenlin,dutaru.brenlin@exemple.org
1900,Yusolin,Sorgren,yusolin.sorgren@courrier.test
1901,Lodanu,Rossac,lodanu.rossac@courrier.test
1902,Ormaran,Wendis,ormaran.wendis@exemple.org
1903,Lomarel,Galrand,lomarel.galrand@exemple.org
1904,Yukenu,Monmer,yukenu.monmer@mail.example
1905,Lonelia,Corvane,lonelia.corvane11@exemple.org
1906,Zomari,Torver,zomari.torver@mail.example
1907,Elvena,Ostbert,elvena.ostbert@exemple.org
1908,Dugaru,Dormont,dugaru.dormont@mail.example
1909,Juseni,Sorbert,juseni.sorbert@courrier.test
1910,Solisia,Dunner,solisia.dunner@mail.example
1911,Setela,Dornet,setela.dornet@mail.example
1912,Femarel,Havgren,femarel.havgren68@exemple.org
1913,Fesene,Havnet,fesene.havnet@exemple.org
1914,Rivenin,Sormont,rivenin.sormont@mail.example
1915,Orvenia,Falnet,orvenia.falnet@mail.example
1916,Dumaro,Dunvoir,dumaro.dunvoir@courrier.test
1917,Tarisel,Valrand,tarisel.valrand@mail.example
1918,Midana,Sorbel,midana.sorbel@mail.example
1919,Tanelin,Nevnet,tanelin.nevnet40@courrier.test
1920,Mikenin,Tormar,mikenin.tormar@courrier.test
1921,Arrelea,Lanvoir,arrelea.lanvoir@exemple.org
1922,Sovinu,Wensac,sovinu.wensac@exemple.org
1923,Vemaran,Brenbel,vemaran.brenbel@exemple.org
1924,Bavalin,Falbel,bavalin.falbel@exemple.org
1925,Dutelin,Falgren,dutelin.falgren@courrier.test
1926,Pidane,Ravbel,pidane.ravbel23@exemple.org
1927,Piliso,Tardal,piliso.tardal@mail.example
1928,Ormarin,Tarnet,ormarin.tarnet@mail.example
1929,Rivenia,Havmar,rivenia.havmar@courrier.test
1930,Selisi,Tardal,selisi.tardal@exemple.org
1931,Matare,Wennet,matare.wennet@courrier.test
1932,Fevinan,Rosver,fevinan.rosver@exemple.org
1933,Nakenel,Ravlais,nakenel.ravlais27@exemple.org
1934,Narise,Gallais,narise.gallais@exemple.org
1935,Dukenia,Tarmont,dukenia.tarmont@courrier.test
1936,Risenea,Rosmer,risenea.rosmer@mail.example
1937,Arneli,Ostdal,arneli.ostdal@exemple.org
1938,Kadania,Falrand,kadania.falrand@exemple.org
1939,Vedari,Havsac,vedari.havsac@exemple.org
1940,Vevene,Ostgren,vevene.ostgren54@courrier.test
1941,Lodare,Corvane,lodare.corvane@courrier.test
1942,Madaran,Dorlais,madaran.dorlais@courrier.test
1943,Kaneli,Dornet,kaneli.dornet@exemple.org
1944,Pikene,Corbel,pikene.corbel@exemple.org
1945,Rinelia,Havsen,rinelia.havsen@exemple.org
1946,Vekenan,Brenver,vekenan.brenver@courrier.test
1947,Bagaria,Ravdis,bagaria.ravdis46@courrier.test
1948,Pivenel,Nevkan,pivenel.nevkan@exemple.org
1949,Duborel,Sormar,duborel.sormar@courrier.test
1950,Pivalea,Tormer,pivalea.tormer@courrier.test
1951,Barisan,Dorsen,barisan.dorsen@mail.example
1952,Soveno,Falsen,soveno.falsen@exemple.org
1953,Pirela,Rosrand,pirela.rosrand@mail.example
1954,Sokenan,Cormar,sokenan.cormar60@courrier.test
1955,Duloni,Lansac,duloni.lansac@mail.example
1956,Jusenan,Ravnet,jusenan.ravnet@exemple.org
1957,Baborin,Havmar,baborin.havmar@exemple.org
1958,Mavalel,Kelgren,mavalel.kelgren@mail.example
1959,Ridana,Torvoir,ridana.torvoir@courrier.test
1960,Kagaria,Nevsac,kagaria.nevsac@exemple.org
1961,Mivali,Tardal,mivali.tardal82@mail.example
1962,Zoteli,Dunvoir,zoteli.dunvoir@exemple.org
1963,Nalone,Havver,nalone.havver@courrier.test
1964,Senelu,Valsen,senelu.valsen@exemple.org
1965,Juboria,Nevlais,juboria.nevlais@exemple.org
1966,Mamarea,Ostbel,mamarea.ostbel@exemple.org
1967,Narisi,Sorsen,narisi.sorsen@courrier.test
1968,Orborel,Ostmar,orborel.ostmar94@exemple.org
1969,Eltarel,Cordal,eltarel.cordal@exemple.org
1970,Zodarin,Tarlin,zodarin.tarlin@exemple.org
1971,Juvalel,Tardal,juvalel.tardal@courrier.test
1972,Sevino,Rosmont,sevino.rosmont@mail.example
1973,Orvala,Wenrand,orvala.wenrand@exemple.org
1974,Jutelo,Wenner,jutelo.wenner@mail.example
1975,Vebora,Monnet,vebora.monnet47@exemple.org
1976,Kamonea,Corver,kamonea.corver@exemple.org
1977,Orkenan,Ravvane,orkenan.ravvane@exemple.org
1978,Elvalo,Tarsen,elvalo.tarsen@courrier.test
1979,Pidaria,Falvoir,pidaria.falvoir@courrier.test
1980,Semonea,Monbert,semonea.monbert@exemple.org
1981,Jusole,Dunmont,jusole.dunmont@exemple.org
1982,Navenin,Havgren,navenin.havgren81@exemple.org
1983,Junori,Sorrand,junori.sorrand@mail.example
1984,Semonea,Galmer,semonea.galmer@exemple.org
1985,Juteli,Tardis,juteli.tardis@exemple.org
1986,Rivalea,Galkan,rivalea.galkan@courrier.test
1987,Yuvene,Lanvane,yuvene.lanvane@mail.example
1988,Tadarin,Monlin,tadarin.monlin@exemple.org
1989,Seneli,Wengren,seneli.wengren85@mail.example
1990,Zotarea,Torver,zotarea.torver@exemple.org
1991,Zosolel,Tarbel,zosolel.tarbel@courrier.test
1992,Sevenel,Kelgren,sevenel.kelgren@courrier.test
1993,Mamari,Ravner,mamari.ravner@courrier.test
1994,Zokena,Kelkan,zokena.kelkan@exemple.org
1995,Vedaru,Perdis,vedaru.perdis@exemple.org
1996,Vesolea,Havmont,vesolea.havmont82@mail.example
1997,Yutelu,Ravlais,yutelu.ravlais@exemple.org
1998,Dutelel,Valgren,dutelel.valgren@mail.example
1999,Eltarea,Valvoir,eltarea.valvoir@exemple.org
2000,Pimare,Galvane,pimare.galvane@exemple.org
2001,Kasenin,Brendal,kasenin.brendal@exemple.org
2002,Orlonu,Lanner,orlonu.lanner@courrier.test
2003,Yulisu,Lantier,yulisu.lantier69@courrier.test
2004,Orvene,Sormar,orvene.sormar@courrier.test
2005,Vebore,Dorrand,vebore.dorrand@exemple.org
2006,Eldanea,Brenmont,eldanea.brenmont@exemple.org
2007,Arnelin,Langren,arnelin.langren@exemple.org
2008,Eltelia,Ravgren,eltelia.ravgren@courrier.test
2009,Mabora,Brensac,mabora.brensac@exemple.org
2010,Vekenia,Dormont,vekenia.dormont21@exemple.org
2011,Sevenel,Perbert,sevenel.perbert@exemple.org
2012,Lorisia,Lanmont,lorisia.lanmont@exemple.org
2013,Elmoni,Sorvoir,elmoni.sorvoir@mail.example
2014,Batara,Pernet,batara.pernet@exemple.org
2015,Mimaria,Perdis,mimaria.perdis@exemple.org
2016,Sosenea,Sormer,sosenea.sormer@mail.example
2017,Mamarel,Perdis,mamarel.perdis29@courrier.test
2018,Seveno,Nevner,seveno.nevner@courrier.test
2019,Feboro,Sorver,feboro.sorver@mail.example
2020,Yudaran,Perdis,yudaran.perdis@courrier.test
2021,Zodanu,Rosnet,zodanu.rosnet@courrier.test
2022,Vesolia,Dorbert,vesolia.dorbert@courrier.test
2023,Dumona,Falkan,dumona.falkan@exemple.org
2024,Sevalea,Kelkan,sevalea.kelkan3@courrier.test
2025,Femonu,Havtier,femonu.havtier@mail.example
2026,Segarel,Valgren,segarel.valgren@exemple.org
2027,Duvalel,Lanvoir,duvalel.lanvoir@mail.example
2028,Senelel,Landal,senelel.landal@courrier.test
2029,Bavine,Lanner,bavine.lanner@exemple.org
2030,Orvene,Ostvane,orvene.ostvane@exemple.org
2031,Zomaru,Perlin,zomaru.perlin60@exemple.org
2032,Rigarin,Corlin,rigarin.corlin@exemple.org
2033,Arrisu,Brenmer,arrisu.brenmer@courrier.test
2034,Lodania,Lanrand,lodania.lanrand@courrier.test
2035,Zovenia,Rosner,zovenia.rosner@exemple.org
2036,Nadanea,Perlais,nadanea.perlais@mail.example
2037,Jumonia,Lanver,jumonia.lanver@courrier.test
2038,Kaborin,Monmont,kaborin.monmont44@mail.example
2039,Zogara,Dorlin,zogara.dorlin@courrier.test
2040,Malisan,Tordal,malisan.tordal@exemple.org
2041,Artara,Persen,artara.persen@exemple.org
2042,Elmaran,Dunkan,elmaran.dunkan@courrier.test
2043,Arkena,Sorver,arkena.sorver@exemple.org
2044,Soboru,Valtier,soboru.valtier@courrier.test
2045,Junelu,Pervane,junelu.pervane82@exemple.org
2046,Dusoli,Rosdis,dusoli.rosdis@exemple.org
2047,Pisenin,Ravnet,pisenin.ravnet@exemple.org
2048,Selono,Dunsen,selono.dunsen@exemple.org
2049,Ordarea,Havtier,ordarea.havtier@courrier.test
2050,Armaran,Ravmer,armaran.ravmer@mail.example
2051,Sorisel,Dorrand,sorisel.dorrand@mail.example
2052,Elgaria,Brenbert,elgaria.brenbert74@exemple.org
2053,Velisi,Wensac,velisi.wensac@mail.example
2054,Judane,Falsen,judane.falsen@exemple.org
2055,Tavenan,Nevver,tavenan.nevver@exemple.org
2056,Takenia,Sorlais,takenia.sorlais@mail.example
2057,Arkeno,Rosbert,arkeno.rosbert@exemple.org
2058,Jusena,Tarver,jusena.tarver@mail.example
2059,Junelin,Ravmar,junelin.ravmar48@courrier.test
2060,Bavinia,Wentier,bavinia.wentier@mail.example
2061,Pinorea,Valnet,pinorea.valnet@courrier.test
2062,Zosola,Wenner,zosola.wenner@exemple.org
2063,Zobore,Galtier,zobore.galtier@exemple.org
2064,Masenu,Sormar,masenu.sormar@mail.example
2065,Artaria,Persac,artaria.persac@mail.example
2066,Talisin,Dunrand,talisin.dunrand91@exemple.org
2067,Rivina,Valdal,rivina.valdal@mail.example
2068,Zolonu,Galgren,zolonu.galgren@exemple.org
2069,Tarelea,Torbel,tarelea.torbel@exemple.org
2070,Yumaran,Rosdis,yumaran.rosdis@exemple.org
2071,Juseno,Galkan,juseno.galkan@exemple.org
2072,Ortara,Dorbel,ortara.dorbel@mail.example
2073,Talonan,Havmar,talonan.havmar7@exemple.org
2074,Judana,Kelsac,judana.kelsac@courrier.test
2075,Mitaro,Corsac,mitaro.corsac@mail.example
2076,Arkena,Kelsen,arkena.kelsen@courrier.test
2077,Batare,Torner,batare.torner@exemple.org
2078,Feborea,Corsen,feborea.corsen@exemple.org
2079,Zoborin,Galvane,zoborin.galvane@mail.example
2080,Orgarea,Monner,orgarea.monner71@exemple.org
2081,Dugari,Tordis,dugari.tordis@mail.example
2082,Midaran,Tarmont,midaran.tarmont@exemple.org
2083,Rinoran,Brenner,rinoran.brenner@mail.example
2084,Duvenel,Ravtier,duvenel.ravtier@exemple.org
2085,Ortelin,Ostdal,ortelin.ostdal@exemple.org
2086,Elgare,Dorbel,elgare.dorbel@exemple.org
2087,Naboro,Falsen,naboro.falsen94@courrier.test
2088,Dudanu,Wentier,dudanu.wentier@exemple.org
2089,Yusenan,Wenbel,yusenan.wenbel@exemple.org
2090,Mamare,Tarkan,mamare.tarkan@mail.example
2091,Somoni,Tarver,somoni.tarver@exemple.org
2092,Orsenan,Ostkan,orsenan.ostkan@courrier.test
2093,Arnore,Landis,arnore.landis@courrier.test
2094,Juvinel,Havmar,juvinel.havmar5@mail.example
2095,Bariso,Tarvoir,bariso.tarvoir@exemple.org
2096,Nanelo,Galmar,nanelo.galmar@exemple.org
2097,Segarel,Ostmont,segarel.ostmont@exemple.org
2098,Sesolu,Rossen,sesolu.rossen@mail.example
2099,Juvene,Falsac,juvene.falsac@exemple.org
2100,Lodanea,Rosbel,lodanea.rosbel@mail.example
2101,Elseno,Wenvoir,elseno.wenvoir17@exemple.org
2102,Vesole,Tarsen,vesole.tarsen@mail.example
2103,Ardare,Galbel,ardare.galbel@courrier.test
2104,Zoloni,Ostmer,zoloni.ostmer@exemple.org
2105,Verise,Ostdal,verise.ostdal@mail.example
2106,Durisi,Brenlais,durisi.brenlais@courrier.test
2107,Maveni,Corrand,maveni.corrand@mail.example
2108,Tarelea,Kelsac,tarelea.kelsac43@exemple.org
2109,Judania,Rosdal,judania.rosdal@mail.example
2110,Banorel,Wenmar,banorel.wenmar@exemple.org
2111,Vetelia,Ravmont,vetelia.ravmont@mail.example
2112,Yugare,Permar,yugare.permar@exemple.org
2113,Vetari,Corsac,vetari.corsac@exemple.org
2114,Risenu,Brennet,risenu.brennet@courrier.test
2115,Fetaro,Sorgren,fetaro.sorgren82@exemple.org
2116,Katelan,Ostbel,katelan.ostbel@mail.example
2117,Miriso,Falmont,miriso.falmont@mail.example
2118,Yuvinan,Nevbel,yuvinan.nevbel@courrier.test
2119,Kadarea,Valnet,kadarea.valnet@exemple.org
2120,Rinore,Valmer,rinore.valmer@mail.example
2121,Tarisu,Ravmer,tarisu.ravmer@exemple.org
2122,Orgarel,Valgren,orgarel.valgren48@exemple.org
2123,Vetelu,Persac,vetelu.persac@exemple.org
2124,Serisan,Brenmont,serisan.brenmont@courrier.test
2125,Kalisan,Ravdis,kalisan.ravdis@exemple.org
2126,Lovina,Pervoir,lovina.pervoir@mail.example
2127,Soseni,Lannet,soseni.lannet@exemple.org
2128,Lonoran,Corver,lonoran.corver@courrier.test
2129,Kavali,Falkan,kavali.falkan72@mail.example
2130,Yusolia,Havbert,yusolia.havbert@exemple.org
2131,Minoru,Tormer,minoru.tormer@courrier.test
2132,Mamona,Brengren,mamona.brengren@courrier.test
2133,Durise,Lanlais,durise.lanlais@courrier.test
2134,Arkenea,Sorsac,arkenea.sorsac@exemple.org
2135,Basenia,Rosvoir,basenia.rosvoir@exemple.org
2136,Taveno,Corlin,taveno.corlin31@mail.example
2137,Lovino,Ostner,lovino.ostner@exemple.org
2138,Vesolia,Nevbel,vesolia.nevbel@courrier.test
2139,Masene,Havbel,masene.havbel@exemple.org
2140,Artarin,Tarvoir,artarin.tarvoir@exemple.org
2141,Artele,Galtier,artele.galtier@exemple.org
2142,Fedanu,Lanvane,fedanu.lanvane@mail.example
2143,Namonel,Rosdis,namonel.rosdis11@exemple.org
2144,Vemone,Rossen,vemone.rossen@exemple.org
2145,Juvinan,Ostmar,juvinan.ostmar@exemple.org
2146,Mataran,Monner,mataran.monner@courrier.test
2147,Fetaria,Havnet,fetaria.havnet@mail.example
2148,Namonel,Valdal,namonel.valdal@courrier.test
2149,Fetelia,Nevdal,fetelia.nevdal@mail.example
2150,Nanora,Dorvane,nanora.dorvane87@exemple.org
2151,Rivalo,Tordis,rivalo.tordis@courrier.test
2152,Elboria,Brenlais,elboria.brenlais@exemple.org
2153,Venorin,Galsac,venorin.galsac@courrier.test
2154,Mamara,Dortier,mamara.dortier@exemple.org
2155,Balonia,Rosvoir,balonia.rosvoir@exemple.org
2156,Rinori,Wenver,rinori.wenver@exemple.org
2157,Ridarel,Cordal,ridarel.cordal9@courrier.test
2158,Sodarel,Torvoir,sodarel.torvoir@courrier.test
2159,Pivalea,Monrand,pivalea.monrand@courrier.test
2160,Maboro,Dunmer,maboro.dunmer@mail.example
2161,Setela,Kelner,setela.kelner@exemple.org
2162,Rivenin,Nevdal,rivenin.nevdal@exemple.org
2163,Mimono,Permer,mimono.permer@exemple.org
2164,Sonori,Sorvoir,sonori.sorvoir98@courrier.test
2165,Tataro,Galmont,tataro.galmont@courrier.test
2166,Lomone,Sormar,lomone.sormar@courrier.test
2167,Femonu,Valnet,femonu.valnet@courrier.test
2168,Ordaro,Monbel,ordaro.monbel@exemple.org
2169,Kavinu,Falbel,kavinu.falbel@courrier.test
2170,Rivala,Ostmont,rivala.ostmont@exemple.org
2171,Elsolo,Mondal,elsolo.mondal12@mail.example
2172,Navene,Monvoir,navene.monvoir@courrier.test
2173,Tavinia,Galrand,tavinia.galrand@courrier.test
2174,Arrele,Ravmont,arrele.ravmont@exemple.org
2175,Tasola,Nevdis,tasola.nevdis@mail.example
2176,Jusole,Wenvoir,jusole.wenvoir@courrier.test
2177,Kaveno,Kelmer,kaveno.kelmer@exemple.org
2178,Narelo,Brenrand,narelo.brenrand76@exemple.org
2179,Milonin,Faldal,milonin.faldal@mail.example
2180,Marisea,Valmont,marisea.valmont@courrier.test
2181,Ribori,Langren,ribori.langren@exemple.org
2182,Navina,Tarsac,navina.tarsac@exemple.org
2183,Zomaran,Sorrand,zomaran.sorrand@exemple.org
2184,Misenin,Sorbert,misenin.sorbert@exemple.org
2185,Mamoni,Havlais,mamoni.havlais55@mail.example
2186,Milisa,Sorlais,milisa.sorlais@mail.example
2187,Vevenin,Havgren,vevenin.havgren@mail.example
2188,Eltarel,Nevbert,eltarel.nevbert@exemple.org
2189,Natelan,Lansen,natelan.lansen@exemple.org
2190,Nadanel,Nevmont,nadanel.nevmont@mail.example
2191,Yuteli,Nevlais,yuteli.nevlais@courrier.test
2192,Pilisin,Falbel,pilisin.falbel64@exemple.org
2193,Madanin,Dorvoir,madanin.dorvoir@courrier.test
2194,Yurelan,Galgren,yurelan.galgren@exemple.org
2195,Sokenia,Havgren,sokenia.havgren@courrier.test
2196,Manorel,Persac,manorel.persac@mail.example
2197,Arvene,Perdis,arvene.perdis@courrier.test
2198,Eltelin,Corsen,eltelin.corsen@exemple.org
2199,Elmonu,Kelmar,elmonu.kelmar11@exemple.org
2200,Elnelel,Valmer,elnelel.valmer@mail.example
2201,Sonoro,Brenkan,sonoro.brenkan@exemple.org
2202,Yurelu,Landal,yurelu.landal@exemple.org
2203,Sevalea,Dormar,sevalea.dormar@courrier.test
2204,Yunora,Nevsen,yunora.nevsen@mail.example
2205,Selonu,Valkan,selonu.valkan@exemple.org
2206,Felisea,Kelvane,felisea.kelvane69@courrier.test
2207,Bamaru,Dunlin,bamaru.dunlin@exemple.org
2208,Rivalea,Kelnet,rivalea.kelnet@courrier.test
2209,Dutele,Wenlais,dutele.wenlais@mail.example
2210,Velonia,Brendal,velonia.brendal@courrier.test
2211,Kakene,Monner,kakene.monner@exemple.org
2212,Kalonin,Lanbel,kalonin.lanbel@courrier.test
2213,Mavenin,Monmont,mavenin.monmont21@exemple.org
2214,Kadanea,Kellin,kadanea.kellin@exemple.org
2215,Malisel,Sormar,malisel.sormar@courrier.test
2216,Pidarin,Valver,pidarin.valver@exemple.org
2217,Selisan,Faldis,selisan.faldis@exemple.org
2218,Mirela,Faltier,mirela.faltier@exemple.org
2219,Somone,Havdal,somone.havdal@exemple.org
2220,Dusenea,Sorner,dusenea.sorner76@exemple.org
2221,Riboran,Kelbel,riboran.kelbel@mail.example
2222,Batari,Falrand,batari.falrand@exemple.org
2223,Bamare,Tarmer,bamare.tarmer@courrier.test
2224,Duvenel,Wenbel,duvenel.wenbel@courrier.test
2225,Fesenan,Nevdis,fesenan.nevdis@mail.example
2226,Zorisa,Havbert,zorisa.havbert@mail.example
2227,Lorele,Havmar,lorele.havmar60@exemple.org
2228,Yumarel,Torkan,yumarel.torkan@exemple.org
2229,Sogara,Havgren,sogara.havgren@exemple.org
2230,Elriso,Wengren,elriso.wengren@courrier.test
2231,Riboran,Brenmar,riboran.brenmar@exemple.org
2232,Balonan,Ravvane,balonan.ravvane@exemple.org
2233,Zovenia,Perlin,zovenia.perlin@exemple.org
2234,Eldani,Dunnet,eldani.dunnet98@exemple.org
2235,Katarea,Ravsac,katarea.ravsac@exemple.org
2236,Pidanin,Landal,pidanin.landal@courrier.test
2237,Fetaran,Tornet,fetaran.tornet@mail.example
2238,Ornelel,Dunbel,ornelel.dunbel@exemple.org
2239,Sovinin,Perrand,sovinin.perrand@exemple.org
2240,Zovinu,Monrand,zovinu.monrand@mail.example
2241,Ordani,Wenrand,ordani.wenrand44@exemple.org
2242,Lovala,Ravtier,lovala.ravtier@mail.example
2243,Pilisan,Brendal,pilisan.brendal@courrier.test
2244,Fegarin,Permont,fegarin.permont@mail.example
2245,Rivenu,Ostnet,rivenu.ostnet@exemple.org
2246,Femonel,Sorvoir,femonel.sorvoir@courrier.test
2247,Elrelin,Lantier,elrelin.lantier@exemple.org
2248,Tarisan,Torvoir,tarisan.torvoir60@courrier.test
2249,Orsenin,Kelver,orsenin.kelver@exemple.org
2250,Arnelan,Havvane,arnelan.havvane@exemple.org
2251,Pivene,Dorlin,pivene.dorlin@exemple.org
2252,Orvina,Brenbert,orvina.brenbert@courrier.test
2253,Lomare,Pernet,lomare.pernet@courrier.test
2254,Nalono,Falbert,nalono.falbert@courrier.test
2255,Eltelan,Dorlais,eltelan.dorlais5@courrier.test
2256,Dulisan,Rosdis,dulisan.rosdis@exemple.org
2257,Miborea,Roslin,miborea.roslin@exemple.org
2258,Orgarea,Valkan,orgarea.valkan@exemple.org
2259,Manelan,Wensen,manelan.wensen@exemple.org
2260,Mamonin,Torbel,mamonin.torbel@courrier.test
2261,Eltarea,Dorvane,eltarea.dorvane@mail.example
2262,Vetaro,Galsac,vetaro.galsac34@exemple.org
2263,Fekenu,Persen,fekenu.persen@courrier.test
2264,Dukenin,Sormar,dukenin.sormar@exemple.org
2265,Zovalo,Ostmer,zovalo.ostmer@exemple.org
2266,Senelin,Dungren,senelin.dungren@mail.example
2267,Rilisi,Valnet,rilisi.valnet@courrier.test
2268,Zonorin,Nevbert,zonorin.nevbert@mail.example
2269,Tavalan,Valvoir,tavalan.valvoir14@mail.example
2270,Judari,Brenner,judari.brenner@mail.example
2271,Kalonea,Roslais,kalonea.roslais@exemple.org
2272,Rilonin,Galmer,rilonin.galmer@exemple.org
2273,Magarea,Vallin,magarea.vallin@exemple.org
2274,Migara,Sorner,migara.sorner@exemple.org
2275,Juvale,Targren,juvale.targren@exemple.org
2276,Ortelel,Galvoir,ortelel.galvoir78@exemple.org
2277,Lorelia,Cordis,lorelia.cordis@mail.example
2278,Ritelu,Corgren,ritelu.corgren@courrier.test
2279,Mavinea,Perbel,mavinea.perbel@mail.example
2280,Barisu,Dundal,barisu.dundal@exemple.org
2281,Artele,Tarsen,artele.tarsen@mail.example
2282,Mitele,Sormer,mitele.sormer@mail.example
2283,Veliso,Havbel,veliso.havbel17@mail.example
2284,Navale,Kelmont,navale.kelmont@exemple.org
2285,Ardaran,Ravner,ardaran.ravner@courrier.test
2286,Fegarin,Tartier,fegarin.tartier@exemple.org
2287,Ortaro,Tarmer,ortaro.tarmer@exemple.org
2288,Selisi,Montier,selisi.montier@exemple.org
2289,Kaseni,Ostnet,kaseni.ostnet@mail.example
2290,Yuvene,Brenrand,yuvene.brenrand49@courrier.test
2291,Madaria,Fallin,madaria.fallin@exemple.org
2292,Lodaria,Wenlin,lodaria.wenlin@courrier.test
2293,Zoboru,Perdis,zoboru.perdis@exemple.org
2294,Kagarel,Havmont,kagarel.havmont@exemple.org
2295,Yusoli,Monvane,yusoli.monvane@exemple.org
2296,Rinora,Corvoir,rinora.corvoir@exemple.org
2297,Yunoro,Brenlin,yunoro.brenlin91@exemple.org
2298,Mibori,Pergren,mibori.pergren@mail.example
2299,Lotaran,Rossac,lotaran.rossac@mail.example
2300,Kanorel,Corbel,kanorel.corbel@exemple.org
2301,Sonelea,Sorver,sonelea.sorver@exemple.org
2302,Verisia,Monlin,verisia.monlin@exemple.org
2303,Naveni,Landal,naveni.landal@exemple.org
2304,Tadano,Nevkan,tadano.nevkan31@mail.example
2305,Junela,Nevdal,junela.nevdal@mail.example
2306,Lorisel,Dunnet,lorisel.dunnet@courrier.test
2307,Sonora,Lansen,sonora.lansen@courrier.test
2308,Eldanu,Perkan,eldanu.perkan@exemple.org
2309,Arrisan,Tordis,arrisan.tordis@exemple.org
2310,Elnelin,Tordal,elnelin.tordal@exemple.org
2311,Arkeno,Tarver,arkeno.tarver48@mail.example
2312,Segare,Tarmer,segare.tarmer@exemple.org
2313,Dunoru,Ostgren,dunoru.ostgren@courrier.test
2314,Seboria,Ostsac,seboria.ostsac@exemple.org
2315,Julone,Nevbert,julone.nevbert@mail.example
2316,Kaboran,Rosmer,kaboran.rosmer@exemple.org
2317,Elmoni,Dormar,elmoni.dormar@courrier.test
2318,Kagaru,Nevlais,kagaru.nevlais97@mail.example
2319,Misolel,Falbert,misolel.falbert@mail.example
2320,Juvalel,Galmont,juvalel.galmont@courrier.test
2321,Kadare,Roskan,kadare.roskan@courrier.test
2322,Zonelel,Lanvane,zonelel.lanvane@mail.example
2323,Migari,Tarvane,migari.tarvane@exemple.org
2324,Sokenu,Kelsen,sokenu.kelsen@courrier.test
2325,Rilonin,Nevtier,rilonin.nevtier95@exemple.org
2326,Tarise,Corlais,tarise.corlais@courrier.test
2327,Katele,Havlais,katele.havlais@courrier.test
2328,Vedanea,Valtier,vedanea.valtier@exemple.org
2329,Feboria,Brensen,feboria.brensen@exemple.org
2330,Fenoria,Sorvoir,fenoria.sorvoir@exemple.org
2331,Tavinan,Ostsen,tavinan.ostsen@exemple.org
2332,Naboro,Keldal,naboro.keldal54@courrier.test
2333,Arloni,Lanlais,arloni.lanlais@courrier.test
2334,Mivalan,Torrand,mivalan.torrand@mail.example
2335,Balisa,Ravlin,balisa.ravlin@exemple.org
2336,Narisia,Dormont,narisia.dormont@exemple.org
2337,Seneli,Lanbel,seneli.lanbel@exemple.org
2338,Babore,Mongren,babore.mongren@courrier.test
2339,Felisa,Gallin,felisa.gallin21@exemple.org
2340,Julona,Rosvane,julona.rosvane@mail.example
2341,Zosole,Lanmar,zosole.lanmar@mail.example
2342,Venorea,Nevmar,venorea.nevmar@exemple.org
2343,Nasola,Torlais,nasola.torlais@exemple.org
2344,Vebori,Wensac,vebori.wensac@mail.example
2345,Kagaran,Perner,kagaran.perner@courrier.test
2346,Yutele,Nevsac,yutele.nevsac57@exemple.org
2347,Lonelea,Dunmar,lonelea.dunmar@exemple.org
2348,Kasena,Wenrand,kasena.wenrand@exemple.org
2349,Ferisin,Brenlin,ferisin.brenlin@exemple.org
2350,Yulonan,Brenrand,yulonan.brenrand@exemple.org
2351,Fedara,Wenmer,fedara.wenmer@courrier.test
2352,Tarelia,Ostmar,tarelia.ostmar@exemple.org
2353,Lorelea,Permont,lorelea.permont94@exemple.org
2354,Ferisu,Havner,ferisu.havner@exemple.org
2355,Fesenea,Sorkan,fesenea.sorkan@exemple.org
2356,Julonin,Ravbel,julonin.ravbel@exemple.org
2357,Lonelin,Wenmont,lonelin.wenmont@mail.example
2358,Dunelin,Ostbel,dunelin.ostbel@exemple.org
2359,Navalia,Brentier,navalia.brentier@mail.example
2360,Tagari,Dormer,tagari.dormer2@mail.example
2361,Kasene,Dundal,kasene.dundal@exemple.org
2362,Ordanu,Corbert,ordanu.corbert@courrier.test
2363,Rivinea,Cortier,rivinea.cortier@courrier.test
2364,Ortaru,Dormar,ortaru.dormar@courrier.test
2365,Lovine,Brendal,lovine.brendal@courrier.test
2366,Narisel,Ravsac,narisel.ravsac@exemple.org
2367,Sosole,Brennet,sosole.brennet4@mail.example
2368,Lovena,Ostkan,lovena.ostkan@mail.example
2369,Tamonel,Tarnet,tamonel.tarnet@exemple.org
2370,Armarin,Lanmont,armarin.lanmont@courrier.test
2371,Rilisu,Nevvane,rilisu.nevvane@courrier.test
2372,Lodara,Tarbert,lodara.tarbert@mail.example
2373,Elkenea,Nevver,elkenea.nevver@courrier.test
2374,Bavalea,Sorlin,bavalea.sorlin51@mail.example
2375,Dudaria,Nevvane,dudaria.nevvane@exemple.org
2376,Ormaro,Torlin,ormaro.torlin@exemple.org
2377,Juvala,Corner,juvala.corner@courrier.test
2378,Pitarel,Galver,pitarel.galver@exemple.org
2379,Karelin,Monner,karelin.monner@courrier.test
2380,Ormonan,Brenmont,ormonan.brenmont@courrier.test
2381,Malisea,Faldal,malisea.faldal43@exemple.org
2382,Verisan,Dorbert,verisan.dorbert@exemple.org
2383,Arvino,Mondis,arvino.mondis@mail.example
2384,Ardara,Nevner,ardara.nevner@exemple.org
2385,Sekenin,Ravrand,sekenin.ravrand@courrier.test
2386,Fekenea,Dunmont,fekenea.dunmont@courrier.test
2387,Ormaru,Ostlais,ormaru.ostlais@exemple.org
2388,Taborin,Dorlais,taborin.dorlais14@exemple.org
2389,Dudanu,Rosmar,dudanu.rosmar@exemple.org
2390,Sosenea,Havbel,sosenea.havbel@exemple.org
2391,Sonelin,Ravsen,sonelin.ravsen@mail.example
2392,Dunelea,Dungren,dunelea.dungren@exemple.org
2393,Feboria,Galdal,feboria.galdal@mail.example
2394,Nanelo,Rosdal,nanelo.rosdal@courrier.test
2395,Jusena,Havmont,jusena.havmont95@courrier.test
2396,Elvina,Ostlais,elvina.ostlais@exemple.org
2397,Naloni,Wenmont,naloni.wenmont@courrier.test
2398,Lonorel,Dormer,lonorel.dormer@exemple.org
2399,Arlisan,Dunsac,arlisan.dunsac@exemple.org
2400,Rikenia,Galkan,rikenia.galkan@exemple.org
2401,Elvalel,Dunver,elvalel.dunver@courrier.test
2402,Setelu,Kellais,setelu.kellais54@exemple.org
2403,Navalu,Wenmer,navalu.wenmer@exemple.org
2404,Tadanu,Brenver,tadanu.brenver@exemple.org
2405,Kataro,Corlais,kataro.corlais@exemple.org
2406,Yutelea,Wenvoir,yutelea.wenvoir@mail.example
2407,Mamonia,Ravner,mamonia.ravner@exemple.org
2408,Segaru,Cornet,segaru.cornet@courrier.test
2409,Orsene,Montier,orsene.montier16@mail.example
2410,Segarel,Ravdal,segarel.ravdal@exemple.org
2411,Jusoli,Galbert,jusoli.galbert@courrier.test
2412,Banelel,Perbert,banelel.perbert@courrier.test
2413,Ordanea,Wensac,ordanea.wensac@mail.example
2414,Dudarea,Monvane,dudarea.monvane@mail.example
2415,Yusenan,Cordis,yusenan.cordis@courrier.test
2416,Naboru,Roslais,naboru.roslais26@exemple.org
2417,Arvalel,Sorgren,arvalel.sorgren@mail.example
2418,Venelo,Valner,venelo.valner@exemple.org
2419,Nanele,Galrand,nanele.galrand@exemple.org
2420,Logari,Wenbert,logari.wenbert@courrier.test
2421,Ortela,Ostver,ortela.ostver@courrier.test
2422,Yunelo,Rosgren,yunelo.rosgren@exemple.org
2423,Arloni,Wenkan,arloni.wenkan78@mail.example
2424,Eltelin,Ravbert,eltelin.ravbert@exemple.org
2425,Rilisa,Wenkan,rilisa.wenkan@exemple.org
2426,Yusolel,Nevbert,yusolel.nevbert@mail.example
2427,Duvinea,Cormer,duvinea.cormer@exemple.org
2428,Pilono,Havtier,pilono.havtier@exemple.org
2429,Milisin,Havrand,milisin.havrand@mail.example
2430,Zodarel,Torvoir,zodarel.torvoir59@mail.example
2431,Mimara,Corver,mimara.corver@courrier.test
2432,Rilisu,Kelvane,rilisu.kelvane@mail.example
2433,Narisu,Mongren,narisu.mongren@courrier.test
2434,Bakenel,Falnet,bakenel.falnet@courrier.test
2435,Ellonel,Wenmont,ellonel.wenmont@exemple.org
2436,Fenele,Ostdis,fenele.ostdis@courrier.test
2437,Bamonea,Valgren,bamonea.valgren54@exemple.org
2438,Arvala,Torsac,arvala.torsac@mail.example
2439,Pidarea,Wensen,pidarea.wensen@exemple.org
2440,Armoni,Brenlin,armoni.brenlin@courrier.test
2441,Vedaran,Wendis,vedaran.wendis@mail.example
2442,Pimonel,Tarbel,pimonel.tarbel@exemple.org
2443,Sotaran,Brenmont,sotaran.brenmont@courrier.test
2444,Lolona,Dorbert,lolona.dorbert35@mail.example
2445,Mataran,Wenner,mataran.wenner@mail.example
2446,Losena,Pergren,losena.pergren@exemple.org
2447,Jumara,Torver,jumara.torver@courrier.test
2448,Loborin,Nevbert,loborin.nevbert@courrier.test
2449,Ferisea,Monlin,ferisea.monlin@exemple.org
2450,Vevinan,Lanbel,vevinan.lanbel@exemple.org
2451,Rivalo,Valbel,rivalo.valbel30@exemple.org
2452,Nanele,Corver,nanele.corver@exemple.org
2453,Masolin,Nevsac,masolin.nevsac@courrier.test
2454,Yuseno,Ostner,yuseno.ostner@courrier.test
2455,Vevinel,Lanmont,vevinel.lanmont@exemple.org
2456,Juvale,Tarnet,juvale.tarnet@exemple.org
2457,Elgari,Tarlais,elgari.tarlais@mail.example
2458,Kaborin,Ostsen,kaborin.ostsen36@courrier.test
2459,Malisa,Lanbert,malisa.lanbert@exemple.org
2460,Sevalia,Nevrand,sevalia.nevrand@exemple.org
2461,Lotelel,Havgren,lotelel.havgren@exemple.org
2462,Pinoro,Nevbel,pinoro.nevbel@exemple.org
2463,Somonu,Torlais,somonu.torlais@exemple.org
2464,Selonea,Rosmer,selonea.rosmer@courrier.test
2465,Tavino,Dunkan,tavino.dunkan27@exemple.org
2466,Duborel,Dunkan,duborel.dunkan@courrier.test
2467,Jusola,Dormer,jusola.dormer@mail.example
2468,Taseno,Monmer,taseno.monmer@courrier.test
2469,Velisea,Falrand,velisea.falrand@exemple.org
2470,Karisin,Sormer,karisin.sormer@courrier.test
2471,Naveni,Brengren,naveni.brengren@courrier.test
2472,Juboro,Ostvoir,juboro.ostvoir98@exemple.org
2473,Yudanea,Nevdis,yudanea.nevdis@mail.example
2474,Lonelel,Wendal,lonelel.wendal@exemple.org
2475,Jumaria,Sorlin,jumaria.sorlin@exemple.org
2476,Bagaru,Havkan,bagaru.havkan@mail.example
2477,Ordanel,Nevsen,ordanel.nevsen@courrier.test
2478,Zodane,Brendis,zodane.brendis@mail.example
2479,Pimonu,Brenner,pimonu.brenner27@exemple.org
2480,Vemarin,Valbel,vemarin.valbel@exemple.org
2481,Mavino,Nevmont,mavino.nevmont@mail.example
2482,Mivinea,Langren,mivinea.langren@exemple.org
2483,Mavine,Nevkan,mavine.nevkan@exemple.org
2484,Vesolan,Wenmer,vesolan.wenmer@mail.example
2485,Tavinea,Corrand,tavinea.corrand@courrier.test
2486,Badanea,Osttier,badanea.osttier93@courrier.test
2487,Vesenan,Nevvoir,vesenan.nevvoir@exemple.org
2488,Masolu,Tarmer,masolu.tarmer@exemple.org
2489,Dukeno,Wenkan,dukeno.wenkan@exemple.org
2490,Misolel,Valtier,misolel.valtier@mail.example
2491,Orkeno,Dormer,orkeno.dormer@mail.example
2492,Kagarin,Falsac,kagarin.falsac@courrier.test
2493,Rimari,Dunlais,rimari.dunlais56@exemple.org
2494,Narela,Lanrand,narela.lanrand@exemple.org
2495,Miveno,Havlin,miveno.havlin@exemple.org
2496,Pibore,Kelmont,pibore.kelmont@exemple.org
2497,Namone,Ravrand,namone.ravrand@courrier.test
2498,Orlisin,Ravvane,orlisin.ravvane@mail.example
2499,Argare,Galvoir,argare.galvoir@courrier.test
2500,Madani,Sorsac,madani.sorsac57@courrier.test
2501,Pitare,Corvane,pitare.corvane@exemple.org
2502,Arkenu,Faldal,arkenu.faldal@exemple.org
2503,Sonoran,Sormer,sonoran.sormer@exemple.org
2504,Kagaran,Wenbert,kagaran.wenbert@mail.example
2505,Malona,Havsac,malona.havsac@exemple.org
2506,Tarisia,Mondis,tarisia.mondis@courrier.test
2507,Kalise,Rosmont,kalise.rosmont28@courrier.test
2508,Vesolea,Rosmont,vesolea.rosmont@exemple.org
2509,Rigari,Sorbel,rigari.sorbel@exemple.org
2510,Badanea,Valnet,badanea.valnet@exemple.org
2511,Orkene,Wentier,orkene.wentier@exemple.org
2512,Armone,Brendis,armone.brendis@exemple.org
2513,Fedarin,Havsen,fedarin.havsen@exemple.org
2514,Yuvalel,Wenbel,yuvalel.wenbel90@exemple.org
2515,Kadanea,Kelbert,kadanea.kelbert@mail.example
2516,Durelin,Lannet,durelin.lannet@exemple.org
2517,Masola,Galvoir,masola.galvoir@courrier.test
2518,Ormonel,Valbert,ormonel.valbert@mail.example
2519,Pisenel,Sorvoir,pisenel.sorvoir@exemple.org
2520,Semarea,Rosbert,semarea.rosbert@courrier.test
2521,Sovinel,Falner,sovinel.falner75@courrier.test
2522,Duvena,Rosdal,duvena.rosdal@exemple.org
2523,Sodara,Brenmont,sodara.brenmont@courrier.test
2524,Madana,Nevsen,madana.nevsen@courrier.test
2525,Sodana,Mondal,sodana.mondal@courrier.test
2526,Elnelea,Rosvane,elnelea.rosvane@courrier.test
2527,Orlise,Ostdal,orlise.ostdal@mail.example
2528,Elvala,Kelsac,elvala.kelsac66@exemple.org
2529,Minoria,Lanbel,minoria.lanbel@courrier.test
2530,Fetelan,Dunmont,fetelan.dunmont@courrier.test
2531,Yuvalu,Rosrand,yuvalu.rosrand@exemple.org
2532,Fekenin,Perdal,fekenin.perdal@exemple.org
2533,Mitarea,Targren,mitarea.targren@courrier.test
2534,Sotaria,Falmar,sotaria.falmar@courrier.test
2535,Zovino,Galdal,zovino.galdal17@courrier.test
2536,Elvenan,Ostvoir,elvenan.ostvoir@exemple.org
2537,Elrisan,Rosdal,elrisan.rosdal@exemple.org
2538,Venela,Valkan,venela.valkan@mail.example
2539,Navenin,Cormont,navenin.cormont@exemple.org
2540,Elvalin,Cordis,elvalin.cordis@exemple.org
2541,Banela,Valvane,banela.valvane@exemple.org
2542,Elvalea,Rosmer,elvalea.rosmer31@exemple.org
2543,Sedanan,Tarkan,sedanan.tarkan@courrier.test
2544,Serelo,Falmont,serelo.falmont@mail.example
2545,Duvalu,Galmont,duvalu.galmont@exemple.org
2546,Jukenin,Dornet,jukenin.dornet@courrier.test
2547,Mimarea,Ostdis,mimarea.ostdis@mail.example
2548,Arlonia,Valbert,arlonia.valbert@courrier.test
2549,Jugarel,Mondal,jugarel.mondal52@courrier.test
2550,Somare,Valdal,somare.valdal@exemple.org
2551,Kavinin,Falgren,kavinin.falgren@exemple.org
2552,Sotaro,Monbel,sotaro.monbel@courrier.test
2553,Basenin,Dorsen,basenin.dorsen@courrier.test
2554,Sevinia,Permar,sevinia.permar@exemple.org
2555,Juboran,Valvane,juboran.valvane@exemple.org
2556,Balono,Cortier,balono.cortier74@exemple.org
2557,Arseni,Sorver,arseni.sorver@exemple.org
2558,Sonorel,Ostsac,sonorel.ostsac@exemple.org
2559,Pivini,Brenlin,pivini.brenlin@exemple.org
2560,Risena,Sorrand,risena.sorrand@courrier.test
2561,Artaro,Falmont,artaro.falmont@courrier.test
2562,Dukenan,Galdis,dukenan.galdis@courrier.test
2563,Ririso,Nevgren,ririso.nevgren32@exemple.org
2564,Zoveno,Kellais,zoveno.kellais@mail.example
2565,Zolisin,Nevdis,zolisin.nevdis@courrier.test
2566,Narise,Nevnet,narise.nevnet@mail.example
2567,Pitelel,Dunvoir,pitelel.dunvoir@exemple.org
2568,Sogari,Vallais,sogari.vallais@exemple.org
2569,Kalonin,Corbert,kalonin.corbert@courrier.test
2570,Elsole,Rosbel,elsole.rosbel40@courrier.test
2571,Dukenea,Rosnet,dukenea.rosnet@courrier.test
2572,Senela,Perbert,senela.perbert@exemple.org
2573,Dunorin,Ostsen,dunorin.ostsen@courrier.test
2574,Tadarel,Monvoir,tadarel.monvoir@courrier.test
2575,Madari,Wenlais,madari.wenlais@courrier.test
2576,Katelel,Brenbel,katelel.brenbel@courrier.test
2577,Yugarel,Wenner,yugarel.wenner47@exemple.org
2578,Katelea,Tormont,katelea.tormont@courrier.test
2579,Sonela,Ravbel,sonela.ravbel@exemple.org
2580,Ellisu,Nevmont,ellisu.nevmont@exemple.org
2581,Duboria,Corvoir,duboria.corvoir@courrier.test
2582,Kaborin,Falnet,kaborin.falnet@exemple.org
2583,Febora,Rossac,febora.rossac@courrier.test
2584,Dugaru,Lanbert,dugaru.lanbert86@courrier.test
2585,Duliso,Havvoir,duliso.havvoir@courrier.test
2586,Sonele,Cordis,sonele.cordis@courrier.test
2587,Lovalo,Ostvoir,lovalo.ostvoir@exemple.org
2588,Jurela,Ostdal,jurela.ostdal@courrier.test
2589,Elgaria,Wenlais,elgaria.wenlais@courrier.test
2590,Jurisin,Kelgren,jurisin.kelgren@exemple.org
2591,Ririsia,Sorgren,ririsia.sorgren93@exemple.org
2592,Yuvine,Tarver,yuvine.tarver@exemple.org
2593,Banela,Ostbert,banela.ostbert@mail.example
2594,Ritelea,Lanmont,ritelea.lanmont@mail.example
2595,Arnelel,Valgren,arnelel.valgren@mail.example
2596,Fevinel,Havmer,fevinel.havmer@mail.example
2597,Eldaran,Falmer,eldaran.falmer@courrier.test
2598,Fesenea,Rosmer,fesenea.rosmer31@courrier.test
2599,Manore,Permer,manore.permer@mail.example
2600,Duborel,Sorbert,duborel.sorbert@exemple.org
2601,Lolisel,Valmer,lolisel.valmer@courrier.test
2602,Pinorea,Cormer,pinorea.cormer@exemple.org
2603,Loborin,Dunnet,loborin.dunnet@exemple.org
2604,Tavenin,Lanvoir,tavenin.lanvoir@exemple.org
2605,Pinelo,Dunmar,pinelo.dunmar23@mail.example
2606,Miliso,Torsac,miliso.torsac@exemple.org
2607,Jumaru,Rossen,jumaru.rossen@exemple.org
2608,Soboro,Nevmont,soboro.nevmont@courrier.test
2609,Fevalia,Ravbel,fevalia.ravbel@exemple.org
2610,Pimonel,Keldis,pimonel.keldis@exemple.org
2611,Basenia,Osttier,basenia.osttier@mail.example
2612,Jutelea,Ravrand,jutelea.ravrand31@courrier.test
2613,Mabori,Rosvane,mabori.rosvane@courrier.test
2614,Vedano,Tarver,vedano.tarver@courrier.test
2615,Yurisia,Sortier,yurisia.sortier@mail.example
2616,Arrisel,Brenmont,arrisel.brenmont@mail.example
2617,Orkena,Permar,orkena.permar@courrier.test
2618,Takenea,Dunner,takenea.dunner@mail.example
2619,Artelea,Monvoir,artelea.monvoir24@mail.example
2620,Bavina,Valner,bavina.valner@courrier.test
2621,Ellisea,Nevvane,ellisea.nevvane@courrier.test
2622,Sokena,Dormer,sokena.dormer@mail.example
2623,Sovinia,Permar,sovinia.permar@mail.example
2624,Ortele,Tarmont,ortele.tarmont@courrier.test
2625,Navena,Dorlais,navena.dorlais@exemple.org
2626,Takene,Dunsen,takene.dunsen97@exemple.org
2627,Jusolin,Falbert,jusolin.falbert@courrier.test
2628,Sobora,Dordal,sobora.dordal@exemple.org
2629,Mivenan,Lanmar,mivenan.lanmar@exemple.org
2630,Natarin,Kelmer,natarin.kelmer@courrier.test
2631,Makeni,Perbel,makeni.perbel@courrier.test
2632,Mavino,Wenmer,mavino.wenmer@courrier.test
2633,Karisu,Galvoir,karisu.galvoir63@courrier.test
2634,Bavinan,Valvoir,bavinan.valvoir@courrier.test
2635,Feloni,Torlais,feloni.torlais@courrier.test
2636,Ellonia,Monner,ellonia.monner@exemple.org
2637,Batara,Landis,batara.landis@exemple.org
2638,Felonel,Tortier,felonel.tortier@mail.example
2639,Ornoran,Rossen,ornoran.rossen@exemple.org
2640,Yugarin,Galbel,yugarin.galbel41@courrier.test
2641,Talono,Mongren,talono.mongren@mail.example
2642,Lorelin,Brennet,lorelin.brennet@exemple.org
2643,Katelea,Lanmont,katelea.lanmont@exemple.org
2644,Rirelel,Havlin,rirelel.havlin@courrier.test
2645,Sedarel,Valmar,sedarel.valmar@exemple.org
2646,Rikenu,Havkan,rikenu.havkan@exemple.org
2647,Pirelia,Ravsac,pirelia.ravsac41@exemple.org
2648,Femonu,Dunsen,femonu.dunsen@mail.example
2649,Ardara,Rosdis,ardara.rosdis@exemple.org
2650,Fekeno,Tarner,fekeno.tarner@mail.example
2651,Dureli,Dorsac,dureli.dorsac@courrier.test
2652,Bakeno,Tarmar,bakeno.tarmar@exemple.org
2653,Selono,Monmer,selono.monmer@exemple.org
2654,Jugare,Montier,jugare.montier21@mail.example
2655,Elvinu,Wenlin,elvinu.wenlin@exemple.org
2656,Zoborel,Dorkan,zoborel.dorkan@courrier.test
2657,Ellise,Wenbert,ellise.wenbert@courrier.test
2658,Miborea,Dorlais,miborea.dorlais@mail.example
2659,Ortelin,Dunmer,ortelin.dunmer@mail.example
2660,Jurelu,Ostdal,jurelu.ostdal@mail.example
2661,Veboro,Kelgren,veboro.kelgren56@exemple.org
2662,Tamonan,Dunvoir,tamonan.dunvoir@courrier.test
2663,Feneli,Ravmont,feneli.ravmont@mail.example
2664,Balisi,Galkan,balisi.galkan@exemple.org
2665,Pirisi,Nevvane,pirisi.nevvane@courrier.test
2666,Pigari,Tarmont,pigari.tarmont@exemple.org
2667,Natelia,Galbert,natelia.galbert@mail.example
2668,Duvale,Tornet,duvale.tornet2@exemple.org
2669,Pilisin,Brenner,pilisin.brenner@mail.example
2670,Yuvenea,Torsen,yuvenea.torsen@courrier.test
2671,Dugarea,Havner,dugarea.havner@exemple.org
2672,Tarisu,Nevner,tarisu.nevner@exemple.org
2673,Nanoru,Galgren,nanoru.galgren@exemple.org
2674,Tataru,Brenlais,tataru.brenlais@courrier.test
2675,Losenan,Brennet,losenan.brennet35@exemple.org
2676,Eltele,Perdis,eltele.perdis@courrier.test
2677,Tadane,Vallais,tadane.vallais@exemple.org
2678,Duvinel,Nevvoir,duvinel.nevvoir@exemple.org
2679,Yuvinea,Nevbel,yuvinea.nevbel@exemple.org
2680,Sesolia,Pernet,sesolia.pernet@mail.example
2681,Lovale,Galmer,lovale.galmer@exemple.org
2682,Bamonin,Wenner,bamonin.wenner62@exemple.org
2683,Ferelan,Wendal,ferelan.wendal@exemple.org
2684,Nasolo,Tornet,nasolo.tornet@exemple.org
2685,Basenan,Ravvane,basenan.ravvane@mail.example
2686,Mimarea,Tordal,mimarea.tordal@courrier.test
2687,Semone,Faldal,semone.faldal@mail.example
2688,Zogari,Wenmar,zogari.wenmar@exemple.org
2689,Tavala,Mongren,tavala.mongren54@exemple.org
2690,Jugare,Dorbert,jugare.dorbert@exemple.org
2691,Tatelea,Ravmer,tatelea.ravmer@exemple.org
2692,Seborel,Dunvoir,seborel.dunvoir@exemple.org
2693,Barisu,Brenner,barisu.brenner@exemple.org
2694,Yudanan,Kelner,yudanan.kelner@exemple.org
2695,Elvale,Ostlin,elvale.ostlin@exemple.org
2696,Verisu,Perrand,verisu.perrand14@courrier.test
2697,Mirelan,Brenbert,mirelan.brenbert@mail.example
2698,Vevinea,Corgren,vevinea.corgren@mail.example
2699,Sevenea,Dorsen,sevenea.dorsen@courrier.test
2700,Jutarea,Falvoir,jutarea.falvoir@exemple.org
2701,Orlono,Lansac,orlono.lansac@mail.example
2702,Arkenel,Galsac,arkenel.galsac@exemple.org
2703,Orlono,Brenmont,orlono.brenmont41@mail.example
2704,Eldanan,Pervane,eldanan.pervane@exemple.org
2705,Karelel,Monsen,karelel.monsen@courrier.test
2706,Setare,Tarmont,setare.tarmont@courrier.test
2707,Talisia,Ostgren,talisia.ostgren@exemple.org
2708,Lobora,Valver,lobora.valver@exemple.org
2709,Namaria,Torner,namaria.torner@courrier.test
2710,Zotarin,Perner,zotarin.perner16@courrier.test
2711,Zonoran,Rosbert,zonoran.rosbert@exemple.org
2712,Sorisin,Galvane,sorisin.galvane@exemple.org
2713,Jutelia,Ostdal,jutelia.ostdal@exemple.org
2714,Zosolia,Sormont,zosolia.sormont@exemple.org
2715,Ordara,Galdis,ordara.galdis@mail.example
2716,Zorisan,Dunvane,zorisan.dunvane@courrier.test
2717,Jumara,Torvoir,jumara.torvoir32@courrier.test
2718,Zonoria,Langren,zonoria.langren@exemple.org
2719,Setarea,Dorvoir,setarea.dorvoir@exemple.org
2720,Mitelel,Falrand,mitelel.falrand@courrier.test
2721,Juboria,Ostdis,juboria.ostdis@exemple.org
2722,Ridana,Nevgren,ridana.nevgren@courrier.test
2723,Tamonia,Nevlin,tamonia.nevlin@exemple.org
2724,Zonelia,Nevsen,zonelia.nevsen31@exemple.org
2725,Fetara,Kelmar,fetara.kelmar@exemple.org
2726,Kavine,Falvoir,kavine.falvoir@courrier.test
2727,Dunore,Tartier,dunore.tartier@exemple.org
2728,Basolu,Faltier,basolu.faltier@mail.example
2729,Durelia,Dundis,durelia.dundis@exemple.org
2730,Zolisi,Brennet,zolisi.brennet@exemple.org
2731,Kadanel,Ostvoir,kadanel.ostvoir3@exemple.org
2732,Sosolo,Rosnet,sosolo.rosnet@exemple.org
2733,Duvalo,Dunlais,duvalo.dunlais@exemple.org
2734,Zomoni,Perdis,zomoni.perdis@mail.example
2735,Riborel,Nevner,riborel.nevner@courrier.test
2736,Elborel,Wenvoir,elborel.wenvoir@courrier.test
2737,Jukeno,Dunsen,jukeno.dunsen@mail.example
2738,Pilisu,Ravver,pilisu.ravver81@exemple.org
2739,Selonin,Cormer,selonin.cormer@courrier.test
2740,Sorelia,Ostdal,sorelia.ostdal@mail.example
2741,Armare,Galrand,armare.galrand@exemple.org
2742,Sorisin,Havver,sorisin.havver@mail.example
2743,Sesolea,Tortier,sesolea.tortier@exemple.org
2744,Pinelin,Valtier,pinelin.valtier@exemple.org
2745,Vevala,Brengren,vevala.brengren25@exemple.org
2746,Fenoro,Dorrand,fenoro.dorrand@exemple.org
2747,Velisu,Cormont,velisu.cormont@exemple.org
2748,Yumaru,Tarmar,yumaru.tarmar@courrier.test
2749,Jumonel,Wenvane,jumonel.wenvane@exemple.org
2750,Pitaru,Valsen,pitaru.valsen@courrier.test
2751,Ormona,Tarmar,ormona.tarmar@exemple.org
2752,Fenora,Brenlais,fenora.brenlais65@exemple.org
2753,Ririse,Rosvane,ririse.rosvane@exemple.org
2754,Nalonin,Corner,nalonin.corner@courrier.test
2755,Barisan,Pertier,barisan.pertier@exemple.org
2756,Bavinu,Dungren,bavinu.dungren@exemple.org
2757,Naborea,Lanlin,naborea.lanlin@mail.example
2758,Kasenu,Brennet,kasenu.brennet@courrier.test
2759,Dunorea,Havdis,dunorea.havdis7@exemple.org
2760,Elmonia,Sorner,elmonia.sorner@mail.example
2761,Lodarea,Gallais,lodarea.gallais@courrier.test
2762,Dulisin,Kelver,dulisin.kelver@exemple.org
2763,Orlonan,Havsac,orlonan.havsac@exemple.org
2764,Dulisi,Ravkan,dulisi.ravkan@mail.example
2765,Armonu,Galmar,armonu.galmar@exemple.org
2766,Orsenel,Brentier,orsenel.brentier29@exemple.org
2767,Loveno,Monsac,loveno.monsac@courrier.test
2768,Lodana,Persac,lodana.persac@exemple.org
2769,Fedarin,Nevner,fedarin.nevner@courrier.test
2770,Sekeno,Dorner,sekeno.dorner@courrier.test
2771,Navinu,Tartier,navinu.tartier@mail.example
2772,Makenan,Kelbel,makenan.kelbel@courrier.test
2773,Ritela,Galgren,ritela.galgren36@exemple.org
2774,Ardane,Falbel,ardane.falbel@mail.example
2775,Pidarea,Falmont,pidarea.falmont@courrier.test
2776,Orveni,Valmar,orveni.valmar@courrier.test
2777,Zovene,Dorvoir,zovene.dorvoir@exemple.org
2778,Masenia,Ravlin,masenia.ravlin@exemple.org
2779,Rigaran,Rosvoir,rigaran.rosvoir@exemple.org
2780,Jugaria,Sorrand,jugaria.sorrand92@exemple.org
2781,Yurisan,Sorkan,yurisan.sorkan@exemple.org
2782,Zolonea,Tordal,zolonea.tordal@courrier.test
2783,Dutaran,Corrand,dutaran.corrand@mail.example
2784,Ridaru,Valver,ridaru.valver@courrier.test
2785,Verelel,Valvoir,verelel.valvoir@courrier.test
2786,Duvene,Dordis,duvene.dordis@exemple.org
2787,Jutari,Gallais,jutari.gallais33@exemple.org
2788,Mivena,Persac,mivena.persac@mail.example
2789,Dusolo,Falbert,dusolo.falbert@exemple.org
2790,Pikenin,Valbert,pikenin.valbert@courrier.test
2791,Feveni,Wenkan,feveni.wenkan@courrier.test
2792,Somonu,Dunlin,somonu.dunlin@exemple.org
2793,Velonan,Wentier,velonan.wentier@courrier.test
2794,Zogaria,Lanvoir,zogaria.lanvoir24@mail.example
2795,Sodanel,Nevlin,sodanel.nevlin@courrier.test
2796,Tasoli,Dunsen,tasoli.dunsen@exemple.org
2797,Vemonin,Dunrand,vemonin.dunrand@exemple.org
2798,Ferelel,Falver,ferelel.falver@exemple.org
2799,Elrelel,Tarmer,elrelel.tarmer@mail.example
2800,Mavenan,Havnet,mavenan.havnet@courrier.test
2801,Sodanan,Lantier,sodanan.lantier87@mail.example
2802,Rigarea,Lansac,rigarea.lansac@mail.example
2803,Orrelia,Pervoir,orrelia.pervoir@exemple.org
2804,Durisu,Havbert,durisu.havbert@exemple.org
2805,Arrisi,Sordis,arrisi.sordis@courrier.test
2806,Dulonel,Torver,dulonel.torver@courrier.test
2807,Nakenea,Ostsac,nakenea.ostsac@exemple.org
2808,Julisan,Brenmont,julisan.brenmont87@courrier.test
2809,Juvena,Rosbert,juvena.rosbert@mail.example
2810,Sorisia,Wendal,sorisia.wendal@exemple.org
2811,Marelin,Corvane,marelin.corvane@courrier.test
2812,Lokenu,Torsen,lokenu.torsen@courrier.test
2813,Jukene,Torlais,jukene.torlais@courrier.test
2814,Zodanan,Corkan,zodanan.corkan@courrier.test
2815,Ardani,Torgren,ardani.torgren53@exemple.org
2816,Narisu,Rosmont,narisu.rosmont@courrier.test
2817,Yutelu,Havvane,yutelu.havvane@courrier.test
2818,Dulisia,Kelrand,dulisia.kelrand@courrier.test
2819,Arnoro,Nevdal,arnoro.nevdal@courrier.test
2820,Arlonia,Ostmont,arlonia.ostmont@courrier.test
2821,Mavali,Tarlais,mavali.tarlais@exemple.org
2822,Vedane,Cordal,vedane.cordal71@exemple.org
2823,Femonu,Vallais,femonu.vallais@exemple.org
2824,Seborin,Rosbel,seborin.rosbel@exemple.org
2825,Sesene,Sortier,sesene.sortier@exemple.org
2826,Seboro,Valmer,seboro.valmer@courrier.test
2827,Fesolel,Havkan,fesolel.havkan@exemple.org
2828,Arvena,Kelsac,arvena.kelsac@exemple.org
2829,Fedane,Galrand,fedane.galrand87@exemple.org
2830,Nadaran,Ostdis,nadaran.ostdis@mail.example
2831,Tatela,Dorsen,tatela.dorsen@exemple.org
2832,Nadarin,Nevver,nadarin.nevver@courrier.test
2833,Velisi,Roslin,velisi.roslin@courrier.test
2834,Yureli,Dunkan,yureli.dunkan@exemple.org
2835,Yurisi,Tarver,yurisi.tarver@mail.example
2836,Julisel,Dornet,julisel.dornet53@mail.example
2837,Lonori,Ravnet,lonori.ravnet@courrier.test
2838,Pigara,Rostier,pigara.rostier@exemple.org
2839,Kakenu,Havbel,kakenu.havbel@mail.example
2840,Rilonu,Lanlais,rilonu.lanlais@exemple.org
2841,Arlono,Kelbel,arlono.kelbel@courrier.test
2842,Arkenu,Cormont,arkenu.cormont@mail.example
2843,Sorelo,Lanner,sorelo.lanner54@exemple.org
2844,Setele,Sormar,setele.sormar@courrier.test
2845,Orbora,Rosdal,orbora.rosdal@courrier.test
2846,Tamarel,Falbert,tamarel.falbert@exemple.org
2847,Pinoran,Dordal,pinoran.dordal@mail.example
2848,Semaro,Tartier,semaro.tartier@courrier.test
2849,Elnelu,Brenbert,elnelu.brenbert@exemple.org
2850,Venoria,Dorsen,venoria.dorsen22@mail.example
2851,Narelea,Sornet,narelea.sornet@exemple.org
2852,Vekena,Dunner,vekena.dunner@courrier.test
2853,Kabora,Dungren,kabora.dungren@courrier.test
2854,Lolisea,Dorlin,lolisea.dorlin@mail.example
2855,Eltelu,Corgren,eltelu.corgren@exemple.org
2856,Katelu,Kelbel,katelu.kelbel@exemple.org
2857,Artaran,Rosvoir,artaran.rosvoir26@mail.example
2858,Yusolan,Pergren,yusolan.pergren@mail.example
2859,Mibore,Ravvane,mibore.ravvane@exemple.org
2860,Pibore,Cormont,pibore.cormont@exemple.org
2861,Lorisel,Tarsen,lorisel.tarsen@courrier.test
2862,Losene,Perlais,losene.perlais@courrier.test
2863,Armarel,Torlais,armarel.torlais@exemple.org
2864,Mirele,Ostmer,mirele.ostmer34@exemple.org
2865,Yudarea,Sorrand,yudarea.sorrand@exemple.org
2866,Solone,Wendal,solone.wendal@exemple.org
2867,Yuteli,Tormar,yuteli.tormar@courrier.test
2868,Rilonan,Galbel,rilonan.galbel@courrier.test
2869,Serisi,Nevlais,serisi.nevlais@exemple.org
2870,Fevale,Brenkan,fevale.brenkan@courrier.test
2871,Bamaru,Falsen,bamaru.falsen75@courrier.test
2872,Sotarin,Galsen,sotarin.galsen@courrier.test
2873,Barisel,Lanver,barisel.lanver@exemple.org
2874,Sevine,Galtier,sevine.galtier@mail.example
2875,Zonorin,Dunmer,zonorin.dunmer@exemple.org
2876,Solisel,Dorner,solisel.dorner@courrier.test
2877,Zorelel,Valbert,zorelel.valbert@exemple.org
2878,Yukena,Kelbel,yukena.kelbel84@exemple.org
2879,Setele,Monrand,setele.monrand@exemple.org
2880,Feborin,Valbert,feborin.valbert@mail.example
2881,Midaran,Ostmont,midaran.ostmont@exemple.org
2882,Pivene,Ravgren,pivene.ravgren@exemple.org
2883,Riboria,Dordal,riboria.dordal@exemple.org
2884,Mivino,Ravsen,mivino.ravsen@exemple.org
2885,Narele,Corlin,narele.corlin57@courrier.test
2886,Midana,Permont,midana.permont@exemple.org
2887,Badarel,Kelver,badarel.kelver@courrier.test
2888,Orsola,Torgren,orsola.torgren@mail.example
2889,Sokeno,Wensac,sokeno.wensac@exemple.org
2890,Vevalin,Brenbel,vevalin.brenbel@exemple.org
2891,Orloni,Dunbel,orloni.dunbel@mail.example
2892,Magarin,Havlais,magarin.havlais64@exemple.org
2893,Seloni,Havmer,seloni.havmer@exemple.org
2894,Vebora,Rosmer,vebora.rosmer@exemple.org
2895,Zolona,Brenbel,zolona.brenbel@exemple.org
2896,Fetarea,Dunkan,fetarea.dunkan@courrier.test
2897,Ellona,Dortier,ellona.dortier@exemple.org
2898,Ardarea,Kelmar,ardarea.kelmar@mail.example
2899,Karisia,Corvoir,karisia.corvoir12@exemple.org
2900,Elvinea,Falbert,elvinea.falbert@mail.example
2901,Namarel,Galver,namarel.galver@exemple.org
2902,Mirisi,Havbert,mirisi.havbert@mail.example
2903,Elmonan,Persen,elmonan.persen@mail.example
2904,Matelel,Permar,matelel.permar@mail.example
2905,Tamarin,Sortier,tamarin.sortier@exemple.org
2906,Tamarea,Ostner,tamarea.ostner14@mail.example
2907,Yuvalia,Havtier,yuvalia.havtier@courrier.test
2908,Bavene,Corkan,bavene.corkan@courrier.test
2909,Nadanin,Wentier,nadanin.wentier@mail.example
2910,Zonore,Monrand,zonore.monrand@exemple.org
2911,Risolin,Dunner,risolin.dunner@exemple.org
2912,Tadanin,Corrand,tadanin.corrand@courrier.test
2913,Pivinin,Dortier,pivinin.dortier55@courrier.test
2914,Pikenan,Kelsac,pikenan.kelsac@exemple.org
2915,Armarel,Dorvane,armarel.dorvane@exemple.org
2916,Masolin,Torkan,masolin.torkan@courrier.test
2917,Nalono,Kelner,nalono.kelner@exemple.org
2918,Ferelel,Landal,ferelel.landal@exemple.org
2919,Rimone,Dunvoir,rimone.dunvoir@courrier.test
2920,Ordaru,Brenmer,ordaru.brenmer75@mail.example
2921,Sevinea,Ravbel,sevinea.ravbel@courrier.test
2922,Ribora,Dunmer,ribora.dunmer@exemple.org
2923,Nagaria,Dorsen,nagaria.dorsen@courrier.test
2924,Ridare,Rosvoir,ridare.rosvoir@courrier.test
2925,Vesenel,Montier,vesenel.montier@exemple.org
2926,Zonelan,Nevmont,zonelan.nevmont@courrier.test
2927,Vedanel,Valsac,vedanel.valsac44@mail.example
2928,Ornelo,Havdis,ornelo.havdis@mail.example
2929,Nariso,Havner,nariso.havner@exemple.org
2930,Somarea,Monmer,somarea.monmer@exemple.org
2931,Zovinin,Pertier,zovinin.pertier@courrier.test
2932,Sedari,Galnet,sedari.galnet@exemple.org
2933,Yusenan,Ravmer,yusenan.ravmer@courrier.test
2934,Dutelo,Ostmar,dutelo.ostmar96@mail.example
2935,Elsola,Kelbert,elsola.kelbert@exemple.org
2936,Ortelo,Ostvane,ortelo.ostvane@mail.example
2937,Lovine,Wenbel,lovine.wenbel@exemple.org
2938,Ritelia,Tarrand,ritelia.tarrand@courrier.test
2939,Felisi,Monner,felisi.monner@mail.example
2940,Sonora,Brenlais,sonora.brenlais@exemple.org
2941,Yudana,Wenkan,yudana.wenkan16@courrier.test
2942,Eldari,Wentier,eldari.wentier@mail.example
2943,Yuvinel,Dorkan,yuvinel.dorkan@exemple.org
2944,Ferelin,Tarrand,ferelin.tarrand@exemple.org
2945,Pisolu,Perner,pisolu.perner@courrier.test
2946,Mirelea,Wentier,mirelea.wentier@courrier.test
2947,Rilona,Perbert,rilona.perbert@courrier.test
2948,Mavinel,Ravrand,mavinel.ravrand23@exemple.org
2949,Jurisel,Sormont,jurisel.sormont@exemple.org
2950,Zonoria,Galsac,zonoria.galsac@mail.example
2951,Elgaria,Brentier,elgaria.brentier@courrier.test
2952,Sosolel,Perdis,sosolel.perdis@exemple.org
2953,Tamoni,Havlais,tamoni.havlais@exemple.org
2954,Yulonea,Kelbert,yulonea.kelbert@mail.example
2955,Kasole,Dormar,kasole.dormar13@exemple.org
2956,Veboru,Landal,veboru.landal@exemple.org
2957,Arrisa,Targren,arrisa.targren@mail.example
2958,Tavenan,Tormont,tavenan.tormont@exemple.org
2959,Selono,Fallais,selono.fallais@exemple.org
2960,Arlono,Ostlin,arlono.ostlin@exemple.org
2961,Yudane,Havsac,yudane.havsac@exemple.org
2962,Nanoria,Tarbert,nanoria.tarbert36@courrier.test
2963,Yunelu,Dorkan,yunelu.dorkan@courrier.test
2964,Duvena,Ostver,duvena.ostver@mail.example
2965,Vevale,Dunbert,vevale.dunbert@courrier.test
2966,Soreli,Valvane,soreli.valvane@mail.example
2967,Jurelu,Rosgren,jurelu.rosgren@courrier.test
2968,Semona,Dorlin,semona.dorlin@exemple.org
2969,Midane,Dorbel,midane.dorbel90@exemple.org
2970,Namonu,Tarver,namonu.tarver@exemple.org
2971,Eldanin,Sorsac,eldanin.sorsac@mail.example
2972,Dudana,Lanbert,dudana.lanbert@exemple.org
2973,Jutele,Havmar,jutele.havmar@exemple.org
2974,Navalan,Nevmar,navalan.nevmar@courrier.test
2975,Tasolan,Ostmont,tasolan.ostmont@courrier.test
2976,Fevino,Ravtier,fevino.ravtier12@exemple.org
2977,Pidara,Rossen,pidara.rossen@courrier.test
2978,Zotelel,Brengren,zotelel.brengren@courrier.test
2979,Malonin,Monlin,malonin.monlin@exemple.org
2980,Fedana,Perrand,fedana.perrand@courrier.test
2981,Dunelu,Sorkan,dunelu.sorkan@exemple.org
2982,Midanel,Tarvoir,midanel.tarvoir@exemple.org
2983,Pirelia,Havvoir,pirelia.havvoir55@exemple.org
2984,Fetarel,Dunbel,fetarel.dunbel@courrier.test
2985,Elvinan,Sorgren,elvinan.sorgren@mail.example
2986,Eldano,Galgren,eldano.galgren@courrier.test
2987,Seboro,Sorkan,seboro.sorkan@exemple.org
2988,Mivinu,Duntier,mivinu.duntier@exemple.org
2989,Soborin,Ostkan,soborin.ostkan@exemple.org
2990,Fedane,Galkan,fedane.galkan51@mail.example
2991,Banela,Cormar,banela.cormar@courrier.test
2992,Sesole,Fallais,sesole.fallais@courrier.test
2993,Ornorin,Tormont,ornorin.tormont@exemple.org
2994,Ferele,Brennet,ferele.brennet@mail.example
2995,Yugaran,Tarver,yugaran.tarver@exemple.org
2996,Nadare,Rosdal,nadare.rosdal@mail.example
2997,Orsenea,Perbert,orsenea.perbert15@exemple.org
2998,Ormona,Ravkan,ormona.ravkan@mail.example
2999,Kalono,Dunsen,kalono.dunsen@exemple.org
3000,Arrelin,Brengren,arrelin.brengren@exemple.org
3001,Ardara,Wenvane,ardara.wenvane@exemple.org
3002,Yumaro,Lanvoir,yumaro.lanvoir@courrier.test
3003,Rilonu,Galmont,rilonu.galmont@mail.example
3004,Serise,Sorkan,serise.sorkan91@exemple.org
3005,Orsolia,Nevdal,orsolia.nevdal@exemple.org
3006,Zomonel,Perdal,zomonel.perdal@courrier.test
3007,Tamonin,Lanvane,tamonin.lanvane@courrier.test
3008,Venorea,Sormar,venorea.sormar@exemple.org
3009,Sesenel,Langren,sesenel.langren@exemple.org
3010,Madanu,Montier,madanu.montier@exemple.org
3011,Tataran,Monbert,tataran.monbert88@mail.example
3012,Losolea,Torsen,losolea.torsen@courrier.test
3013,Felonu,Brenvoir,felonu.brenvoir@courrier.test
3014,Arsola,Cormer,arsola.cormer@mail.example
3015,Yunelu,Monbert,yunelu.monbert@exemple.org
3016,Ortarin,Dorbel,ortarin.dorbel@courrier.test
3017,Arkenan,Lanmar,arkenan.lanmar@mail.example
3018,Veveni,Havrand,veveni.havrand68@courrier.test
3019,Kadara,Osttier,kadara.osttier@mail.example
3020,Sevinin,Ravlin,sevinin.ravlin@exemple.org
3021,Zodare,Monnet,zodare.monnet@exemple.org
3022,Zotaria,Brenver,zotaria.brenver@courrier.test
3023,Ormari,Lanmont,ormari.lanmont@exemple.org
3024,Eldanea,Falgren,eldanea.falgren@mail.example
3025,Navalia,Permar,navalia.permar43@exemple.org
3026,Mavalo,Ostnet,mavalo.ostnet@mail.example
3027,Yutarin,Brenmar,yutarin.brenmar@exemple.org
3028,Tarela,Ostsen,tarela.ostsen@exemple.org
3029,Pivalin,Dundis,pivalin.dundis@courrier.test
3030,Orrisan,Dunlin,orrisan.dunlin@mail.example
3031,Pitelin,Tarrand,pitelin.tarrand@courrier.test
3032,Sereli,Keldis,sereli.keldis27@mail.example
3033,Juvalin,Perbert,juvalin.perbert@courrier.test
3034,Bagare,Sornet,bagare.sornet@courrier.test
3035,Losenel,Monmar,losenel.monmar@exemple.org
3036,Fenori,Galgren,fenori.galgren@exemple.org
3037,Duvalea,Havbel,duvalea.havbel@exemple.org
3038,Tavenia,Dormont,tavenia.dormont@exemple.org
3039,Sovenin,Galver,sovenin.galver53@exemple.org
3040,Magare,Persen,magare.persen@mail.example
3041,Senelel,Lansen,senelel.lansen@courrier.test
3042,Sosolan,Ostmer,sosolan.ostmer@exemple.org
3043,Babori,Valbel,babori.valbel@exemple.org
3044,Elkenia,Corrand,elkenia.corrand@courrier.test
3045,Rivena,Valvoir,rivena.valvoir@mail.example
3046,Dutelo,Sorver,dutelo.sorver15@exemple.org
3047,Yulisan,Lanner,yulisan.lanner@exemple.org
3048,Fedarin,Rossen,fedarin.rossen@courrier.test
3049,Lorelel,Valnet,lorelel.valnet@mail.example
3050,Arvena,Valdis,arvena.valdis@courrier.test
3051,Pirisa,Galgren,pirisa.galgren@mail.example
3052,Mirisel,Monlin,mirisel.monlin@courrier.test
3053,Pimari,Wenver,pimari.wenver91@mail.example
3054,Banorel,Permer,banorel.permer@exemple.org
3055,Pigara,Ravvoir,pigara.ravvoir@exemple.org
3056,Mimoni,Galbel,mimoni.galbel@exemple.org
3057,Femarel,Ravnet,femarel.ravnet@exemple.org
3058,Losene,Faltier,losene.faltier@courrier.test
3059,Dumonia,Wenvane,dumonia.wenvane@exemple.org
3060,Yutelu,Havbert,yutelu.havbert68@exemple.org
3061,Malisel,Dunkan,malisel.dunkan@courrier.test
3062,Zoveni,Kelsac,zoveni.kelsac@courrier.test
3063,Misolel,Havtier,misolel.havtier@exemple.org
3064,Piborea,Brenbel,piborea.brenbel@exemple.org
3065,Ellonin,Falgren,ellonin.falgren@courrier.test
3066,Banoro,Nevmer,banoro.nevmer@courrier.test
3067,Argari,Sorrand,argari.sorrand59@exemple.org
3068,Eltari,Nevmont,eltari.nevmont@mail.example
3069,Lomara,Falbert,lomara.falbert@exemple.org
3070,Bagaran,Brenbert,bagaran.brenbert@mail.example
3071,Dusene,Sorgren,dusene.sorgren@exemple.org
3072,Fenora,Ravdal,fenora.ravdal@courrier.test
3073,Eltelan,Valdal,eltelan.valdal@mail.example
3074,Masolel,Ostdis,masolel.ostdis55@exemple.org
3075,Zonorel,Roskan,zonorel.roskan@courrier.test
3076,Arkenea,Ravsen,arkenea.ravsen@mail.example
3077,Elvenia,Tarvoir,elvenia.tarvoir@courrier.test
3078,Navenea,Valkan,navenea.valkan@courrier.test
3079,Bavalo,Galver,bavalo.galver@exemple.org
3080,Baboria,Dunver,baboria.dunver@courrier.test
3081,Zoriso,Galgren,zoriso.galgren3@courrier.test
3082,Loseno,Tarver,loseno.tarver@exemple.org
3083,Arlisan,Dundis,arlisan.dundis@exemple.org
3084,Mirelin,Dunmont,mirelin.dunmont@courrier.test
3085,Ordare,Havvane,ordare.havvane@courrier.test
3086,Talonan,Sorlin,talonan.sorlin@exemple.org
3087,Ardano,Dorver,ardano.dorver@exemple.org
3088,Yuvenin,Brenlais,yuvenin.brenlais69@exemple.org
3089,Tadanu,Ravsac,tadanu.ravsac@exemple.org
3090,Zotaria,Dorner,zotaria.dorner@courrier.test
3091,Yutarel,Nevlin,yutarel.nevlin@mail.example
3092,Bavale,Wendal,bavale.wendal@courrier.test
3093,Rivinan,Rosgren,rivinan.rosgren@mail.example
3094,Kamonin,Dormer,kamonin.dormer@exemple.org
3095,Zomarin,Sorner,zomarin.sorner47@exemple.org
3096,Arrisia,Kelmar,arrisia.kelmar@exemple.org
3097,Arveni,Brensac,arveni.brensac@mail.example
3098,Tavalo,Wenbert,tavalo.wenbert@exemple.org
3099,Ridanea,Galmar,ridanea.galmar@exemple.org
3100,Soboria,Dornet,soboria.dornet@exemple.org
3101,Sosoli,Dunbert,sosoli.dunbert@courrier.test
3102,Jurelo,Wenner,jurelo.wenner37@courrier.test
3103,Soboran,Valrand,soboran.valrand@exemple.org
3104,Sorisi,Tortier,sorisi.tortier@mail.example
3105,Vesenu,Ravgren,vesenu.ravgren@courrier.test
3106,Arrele,Nevbert,arrele.nevbert@exemple.org
3107,Solise,Havvoir,solise.havvoir@courrier.test
3108,Vevalin,Kelver,vevalin.kelver@exemple.org
3109,Masoli,Tarsen,masoli.tarsen62@mail.example
3110,Orsolel,Tordal,orsolel.tordal@courrier.test
3111,Juvine,Dundal,juvine.dundal@mail.example
3112,Tavalan,Sormer,tavalan.sormer@exemple.org
3113,Ordaran,Kelkan,ordaran.kelkan@mail.example
3114,Madanea,Monvane,madanea.monvane@courrier.test
3115,Basolia,Lankan,basolia.lankan@exemple.org
3116,Arnore,Perdis,arnore.perdis92@exemple.org
3117,Fetelin,Wenmont,fetelin.wenmont@exemple.org
3118,Logarea,Ostner,logarea.ostner@courrier.test
3119,Dulonea,Tarlais,dulonea.tarlais@mail.example
3120,Pinelo,Ostbert,pinelo.ostbert@courrier.test
3121,Lobore,Wensac,lobore.wensac@exemple.org
3122,Fetarel,Ostlin,fetarel.ostlin@exemple.org
3123,Kadarin,Sortier,kadarin.sortier71@courrier.test
3124,Kavinia,Ostrand,kavinia.ostrand@courrier.test
3125,Zokeni,Falnet,zokeni.falnet@exemple.org
3126,Sesoli,Sorbert,sesoli.sorbert@exemple.org
3127,Bavenia,Lanvoir,bavenia.lanvoir@mail.example
3128,Sorelel,Kelmont,sorelel.kelmont@courrier.test
3129,Ferise,Dunmont,ferise.dunmont@mail.example
3130,Vesolea,Havmer,vesolea.havmer80@mail.example
3131,Balonel,Valdal,balonel.valdal@mail.example
3132,Ellisea,Dorbert,ellisea.dorbert@courrier.test
3133,Somaran,Monvane,somaran.monvane@exemple.org
3134,Zokenel,Wenmer,zokenel.wenmer@exemple.org
3135,Eltela,Cordal,eltela.cordal@mail.example
3136,Juvalan,Ostdis,juvalan.ostdis@courrier.test
3137,Elborea,Dortier,elborea.dortier94@exemple.org
3138,Seboran,Dorvane,seboran.dorvane@exemple.org
3139,Milisi,Dungren,milisi.dungren@courrier.test
3140,Risole,Dunlais,risole.dunlais@exemple.org
3141,Eltarin,Ravmer,eltarin.ravmer@exemple.org
3142,Balisea,Nevlin,balisea.nevlin@courrier.test
3143,Nagare,Wenvane,nagare.wenvane@exemple.org
3144,Dusena,Galmar,dusena.galmar17@mail.example
3145,Pivinel,Nevgren,pivinel.nevgren@mail.example
3146,Veveni,Havmont,veveni.havmont@exemple.org
3147,Bavali,Roskan,bavali.roskan@exemple.org
3148,Migari,Lanlais,migari.lanlais@courrier.test
3149,Ordari,Wenmar,ordari.wenmar@mail.example
3150,Pivena,Persen,pivena.persen@courrier.test
3151,Milonia,Keltier,milonia.keltier7@exemple.org
3152,Mitelo,Kellin,mitelo.kellin@exemple.org
3153,Vetelin,Dunmer,vetelin.dunmer@exemple.org
3154,Yunore,Pervane,yunore.pervane@mail.example
3155,Kadaro,Sorkan,kadaro.sorkan@exemple.org
3156,Zosoli,Torbel,zosoli.torbel@exemple.org
3157,Felisin,Perbert,felisin.perbert@courrier.test
3158,Durisan,Falnet,durisan.falnet51@exemple.org
3159,Vetaru,Ravnet,vetaru.ravnet@mail.example
3160,Kadare,Brenbel,kadare.brenbel@exemple.org
3161,Risolel,Sornet,risolel.sornet@exemple.org
3162,Magari,Valrand,magari.valrand@courrier.test
3163,Zosenea,Ostsen,zosenea.ostsen@exemple.org
3164,Rilisu,Brendis,rilisu.brendis@mail.example
3165,Fetara,Lansen,fetara.lansen72@exemple.org
3166,Risolin,Brensac,risolin.brensac@exemple.org
3167,Nanelu,Perrand,nanelu.perrand@mail.example
3168,Kavinel,Nevkan,kavinel.nevkan@courrier.test
3169,Elgare,Galbel,elgare.galbel@exemple.org
3170,Orvinan,Havner,orvinan.havner@mail.example
3171,Sobora,Valsen,sobora.valsen@exemple.org
3172,Lotare,Brendal,lotare.brendal84@exemple.org
3173,Jutara,Valgren,jutara.valgren@exemple.org
3174,Kavini,Wenmont,kavini.wenmont@exemple.org
3175,Pilisa,Brenner,pilisa.brenner@courrier.test
3176,Lonelel,Lanvoir,lonelel.lanvoir@courrier.test
3177,Mimonan,Valkan,mimonan.valkan@exemple.org
3178,Elvalea,Keldis,elvalea.keldis@exemple.org
3179,Lovalu,Permer,lovalu.permer29@courrier.test
3180,Yutelea,Lansac,yutelea.lansac@mail.example
3181,Zogaria,Keldis,zogaria.keldis@mail.example
3182,Elvene,Torbel,elvene.torbel@exemple.org
3183,Midaru,Sorbert,midaru.sorbert@courrier.test
3184,Orgarea,Dunsac,orgarea.dunsac@courrier.test
3185,Tasolin,Monbert,tasolin.monbert@mail.example
3186,Miborin,Rossen,miborin.rossen97@courrier.test
3187,Yuvenu,Perver,yuvenu.perver@exemple.org
3188,Pimaru,Ravlin,pimaru.ravlin@courrier.test
3189,Arkenel,Kelvoir,arkenel.kelvoir@mail.example
3190,Arlonin,Tarmer,arlonin.tarmer@mail.example
3191,Marisu,Ravmer,marisu.ravmer@mail.example
3192,Mikenin,Galdal,mikenin.galdal@exemple.org
3193,Zokenu,Brenlais,zokenu.brenlais7@exemple.org
3194,Elgarea,Brendal,elgarea.brendal@exemple.org
3195,Naseni,Havdal,naseni.havdal@exemple.org
3196,Yunori,Brenbert,yunori.brenbert@mail.example
3197,Elneli,Lanner,elneli.lanner@courrier.test
3198,Kamarel,Brenlin,kamarel.brenlin@exemple.org
3199,Lovenia,Monbert,lovenia.monbert@courrier.test
3200,Rirelo,Dormar,rirelo.dormar76@mail.example
3201,Tatelo,Wenner,tatelo.wenner@exemple.org
3202,Lorisi,Pervane,lorisi.pervane@mail.example
3203,Ellisel,Tardal,ellisel.tardal@exemple.org
3204,Dudanea,Pervoir,dudanea.pervoir@exemple.org
3205,Zolona,Ostdal,zolona.ostdal@exemple.org
3206,Sosolea,Ravvane,sosolea.ravvane@exemple.org
3207,Mirelu,Ostner,mirelu.ostner49@mail.example
3208,Julonan,Kelnet,julonan.kelnet@exemple.org
3209,Pilona,Tarnet,pilona.tarnet@exemple.org
3210,Yutelu,Brensen,yutelu.brensen@exemple.org
3211,Tarisel,Galbel,tarisel.galbel@exemple.org
3212,Ritelan,Falmar,ritelan.falmar@courrier.test
3213,Yuvalan,Kelvane,yuvalan.kelvane@exemple.org
3214,Manorin,Tarnet,manorin.tarnet10@courrier.test
3215,Orvinel,Dunmont,orvinel.dunmont@mail.example
3216,Losolin,Rosvane,losolin.rosvane@exemple.org
3217,Lotare,Tordis,lotare.tordis@exemple.org
3218,Risolo,Ostvoir,risolo.ostvoir@exemple.org
3219,Kanorin,Tarner,kanorin.tarner@mail.example
3220,Badana,Falner,badana.falner@exemple.org
3221,Dutarea,Tarbert,dutarea.tarbert18@exemple.org
3222,Nadanin,Kelmer,nadanin.kelmer@exemple.org
3223,Tadani,Monlin,tadani.monlin@courrier.test
3224,Rigare,Cornet,rigare.cornet@exemple.org
3225,Juloni,Ostsac,juloni.ostsac@mail.example
3226,Vevinia,Wenmont,vevinia.wenmont@exemple.org
3227,Kagarea,Ostsen,kagarea.ostsen@mail.example
3228,Eldaro,Cormar,eldaro.cormar12@courrier.test
3229,Loteli,Pervoir,loteli.pervoir@exemple.org
3230,Ririsin,Langren,ririsin.langren@exemple.org
3231,Fetara,Havsen,fetara.havsen@exemple.org
3232,Julisea,Ravmar,julisea.ravmar@courrier.test
3233,Bavena,Falvane,bavena.falvane@exemple.org
3234,Tavalea,Kelver,tavalea.kelver@courrier.test
3235,Vevino,Permont,vevino.permont85@mail.example
3236,Zonora,Vallais,zonora.vallais@mail.example
3237,Rivali,Ostdal,rivali.ostdal@courrier.test
3238,Dunelu,Galsac,dunelu.galsac@exemple.org
3239,Somoni,Kelner,somoni.kelner@exemple.org
3240,Pivinel,Dunner,pivinel.dunner@courrier.test
3241,Riborel,Wensen,riborel.wensen@courrier.test
3242,Narelia,Wensen,narelia.wensen30@mail.example
3243,Orloni,Faldis,orloni.faldis@exemple.org
3244,Tatara,Dorvane,tatara.dorvane@exemple.org
3245,Jusenin,Landis,jusenin.landis@exemple.org
3246,Kadana,Sordis,kadana.sordis@mail.example
3247,Ornora,Fallin,ornora.fallin@exemple.org
3248,Mireli,Lansen,mireli.lansen@exemple.org
3249,Mivenea,Tarmar,mivenea.tarmar82@mail.example
3250,Mirelu,Ravner,mirelu.ravner@exemple.org
3251,Manoria,Havver,manoria.havver@mail.example
3252,Selonu,Dorvoir,selonu.dorvoir@mail.example
3253,Yumonin,Montier,yumonin.montier@exemple.org
3254,Mamaran,Dunner,mamaran.dunner@exemple.org
3255,Pimonu,Perdis,pimonu.perdis@mail.example
3256,Bavenan,Valmont,bavenan.valmont3@courrier.test
3257,Zogaria,Kelvane,zogaria.kelvane@exemple.org
3258,Sonoro,Dunsen,sonoro.dunsen@courrier.test
3259,Verisin,Rosmar,verisin.rosmar@exemple.org
3260,Arnoru,Galdal,arnoru.galdal@courrier.test
3261,Serelea,Pertier,serelea.pertier@exemple.org
3262,Serisel,Ravnet,serisel.ravnet@exemple.org
3263,Lotaria,Falver,lotaria.falver11@exemple.org
3264,Duvini,Brenvane,duvini.brenvane@exemple.org
3265,Batari,Torvane,batari.torvane@exemple.org
3266,Tarise,Falbel,tarise.falbel@exemple.org
3267,Kamone,Nevbel,kamone.nevbel@exemple.org
3268,Milisan,Brennet,milisan.brennet@exemple.org
3269,Elmara,Dorvane,elmara.dorvane@exemple.org
3270,Baloni,Rosmar,baloni.rosmar4@exemple.org
3271,Sovena,Falnet,sovena.falnet@mail.example
3272,Nadanan,Perlais,nadanan.perlais@exemple.org
3273,Verelel,Brenkan,verelel.brenkan@mail.example
3274,Tataran,Kellais,tataran.kellais@courrier.test
3275,Zomaru,Ravkan,zomaru.ravkan@exemple.org
3276,Rigara,Sorvane,rigara.sorvane@courrier.test
3277,Sonorea,Wendal,sonorea.wendal34@exemple.org
3278,Zovino,Falver,zovino.falver@exemple.org
3279,Jutelel,Perrand,jutelel.perrand@courrier.test
3280,Midano,Havbert,midano.havbert@mail.example
3281,Arrise,Perbel,arrise.perbel@mail.example
3282,Tavinin,Valnet,tavinin.valnet@mail.example
3283,Pivenan,Falmont,pivenan.falmont@exemple.org
3284,Juborin,Sorvoir,juborin.sorvoir4@mail.example
3285,Tatelu,Mondal,tatelu.mondal@exemple.org
3286,Jurelel,Galbel,jurelel.galbel@exemple.org
3287,Juvene,Sordal,juvene.sordal@exemple.org
3288,Solisa,Falkan,solisa.falkan@exemple.org
3289,Misolea,Rosbel,misolea.rosbel@mail.example
3290,Fevine,Sormont,fevine.sormont@exemple.org
3291,Setarea,Ostvoir,setarea.ostvoir76@mail.example
3292,Jurisin,Valmont,jurisin.valmont@exemple.org
3293,Vedaro,Dorsen,vedaro.dorsen@exemple.org
3294,Makeni,Havlais,makeni.havlais@exemple.org
3295,Somona,Galbert,somona.galbert@exemple.org
3296,Zoreli,Brennet,zoreli.brennet@courrier.test
3297,Rivenia,Landis,rivenia.landis@exemple.org
3298,Fenori,Lanbert,fenori.lanbert28@exemple.org
3299,Kanora,Wenner,kanora.wenner@mail.example
3300,Zorelia,Falmar,zorelia.falmar@exemple.org
3301,Risenia,Dorlais,risenia.dorlais@courrier.test
3302,Arsenel,Dorsen,arsenel.dorsen@exemple.org
3303,Orvenan,Keldal,orvenan.keldal@courrier.test
3304,Duborin,Kelner,duborin.kelner@courrier.test
3305,Orgarea,Ostbert,orgarea.ostbert82@exemple.org
3306,Nadaran,Rossac,nadaran.rossac@exemple.org
3307,Jutela,Dungren,jutela.dungren@courrier.test
3308,Eldane,Rosbel,eldane.rosbel@courrier.test
3309,Rilone,Brentier,rilone.brentier@mail.example
3310,Navinu,Persac,navinu.persac@mail.example
3311,Seborel,Tarrand,seborel.tarrand@exemple.org
3312,Orveni,Dunvoir,orveni.dunvoir62@exemple.org
3313,Zonelo,Havrand,zonelo.havrand@courrier.test
3314,Arvalo,Tarvoir,arvalo.tarvoir@exemple.org
3315,Ordari,Galmar,ordari.galmar@exemple.org
3316,Elkena,Roslais,elkena.roslais@mail.example
3317,Lokena,Tarnet,lokena.tarnet@exemple.org
3318,Lorisi,Monver,lorisi.monver@courrier.test
3319,Arlisia,Persen,arlisia.persen70@courrier.test
3320,Lorelo,Corner,lorelo.corner@courrier.test
3321,Vedani,Ravlin,vedani.ravlin@exemple.org
3322,Kanelel,Dunrand,kanelel.dunrand@exemple.org
3323,Feboria,Sorbert,feboria.sorbert@exemple.org
3324,Jusena,Rosdal,jusena.rosdal@courrier.test
3325,Sesolu,Falkan,sesolu.falkan@courrier.test
3326,Yumoni,Ostmar,yumoni.ostmar85@exemple.org
3327,Pivenin,Kelvoir,pivenin.kelvoir@exemple.org
3328,Bavenin,Brenvane,bavenin.brenvane@courrier.test
3329,Veveno,Galvoir,veveno.galvoir@courrier.test
3330,Pidari,Torner,pidari.torner@courrier.test
3331,Jugaria,Permont,jugaria.permont@mail.example
3332,Felisan,Monkan,felisan.monkan@exemple.org
3333,Zoloni,Dorvoir,zoloni.dorvoir49@exemple.org
3334,Dutarea,Galdis,dutarea.galdis@exemple.org
3335,Kamonia,Sortier,kamonia.sortier@exemple.org
3336,Pivalea,Nevgren,pivalea.nevgren@exemple.org
3337,Pivalan,Dorlin,pivalan.dorlin@courrier.test
3338,Judano,Kelvane,judano.kelvane@courrier.test
3339,Ardare,Brentier,ardare.brentier@exemple.org
3340,Fevinia,Ostlais,fevinia.ostlais18@mail.example
3341,Pidanea,Brenlais,pidanea.brenlais@courrier.test
3342,Nasolea,Brentier,nasolea.brentier@courrier.test
3343,Basola,Falsen,basola.falsen@exemple.org
3344,Elrisea,Brenlin,elrisea.brenlin@courrier.test
3345,Elmaru,Brenvoir,elmaru.brenvoir@mail.example
3346,Makenu,Galsac,makenu.galsac@exemple.org
3347,Mirelia,Perkan,mirelia.perkan11@mail.example
3348,Verisia,Pervane,verisia.pervane@courrier.test
3349,Sekenu,Sorner,sekenu.sorner@exemple.org
3350,Makeni,Galnet,makeni.galnet@mail.example
3351,Juvino,Havdal,juvino.havdal@mail.example
3352,Basolo,Lantier,basolo.lantier@courrier.test
3353,Ferisia,Torver,ferisia.torver@mail.example
3354,Mivinia,Torlais,mivinia.torlais6@mail.example
3355,Orvene,Ostmar,orvene.ostmar@exemple.org
3356,Bamoni,Perner,bamoni.perner@courrier.test
3357,Arnela,Torlin,arnela.torlin@courrier.test
3358,Lobora,Dorrand,lobora.dorrand@mail.example
3359,Sosenan,Wenvane,sosenan.wenvane@courrier.test
3360,Lodani,Tarmont,lodani.tarmont@courrier.test
3361,Namonia,Sormer,namonia.sormer12@exemple.org
3362,Badara,Lanmer,badara.lanmer@courrier.test
3363,Pirele,Ravgren,pirele.ravgren@courrier.test
3364,Orboria,Dorver,orboria.dorver@mail.example
3365,Dusolu,Nevner,dusolu.nevner@courrier.test
3366,Pivenea,Rosbel,pivenea.rosbel@mail.example
3367,Yuvalan,Rosner,yuvalan.rosner@exemple.org
3368,Arrisa,Dunsac,arrisa.dunsac91@exemple.org
3369,Narelin,Ravmont,narelin.ravmont@exemple.org
3370,Vevinea,Dorver,vevinea.dorver@exemple.org
3371,Lomoni,Kelnet,lomoni.kelnet@mail.example
3372,Lotela,Monvane,lotela.monvane@courrier.test
3373,Tatara,Mondal,tatara.mondal@mail.example
3374,Pitelia,Lanlin,pitelia.lanlin@exemple.org
3375,Ornoru,Galmer,ornoru.galmer83@mail.example
3376,Mivene,Ravlin,mivene.ravlin@exemple.org
3377,Marelea,Gallais,marelea.gallais@exemple.org
3378,Felisi,Havrand,felisi.havrand@mail.example
3379,Milonea,Falrand,milonea.falrand@mail.example
3380,Yuborel,Monvane,yuborel.monvane@exemple.org
3381,Arrisu,Keldal,arrisu.keldal@mail.example
3382,Junorea,Wentier,junorea.wentier19@courrier.test
3383,Bavala,Brenner,bavala.brenner@exemple.org
3384,Sotaru,Roslais,sotaru.roslais@exemple.org
3385,Velisu,Rossen,velisu.rossen@exemple.org
3386,Rirelin,Dorsen,rirelin.dorsen@exemple.org
3387,Midarea,Corlais,midarea.corlais@courrier.test
3388,Veboro,Kelkan,veboro.kelkan@exemple.org
3389,Rivalel,Valrand,rivalel.valrand89@exemple.org
3390,Vemaru,Ravrand,vemaru.ravrand@exemple.org
3391,Zovale,Brenlin,zovale.brenlin@mail.example
3392,Ellisa,Havmont,ellisa.havmont@exemple.org
3393,Rivalia,Wenbert,rivalia.wenbert@mail.example
3394,Zosenin,Galkan,zosenin.galkan@exemple.org
3395,Marelo,Lanvane,marelo.lanvane@courrier.test
3396,Takenel,Brenvane,takenel.brenvane79@courrier.test
3397,Dugaru,Havnet,dugaru.havnet@courrier.test
3398,Selonel,Cormar,selonel.cormar@exemple.org
3399,Somonu,Tordal,somonu.tordal@exemple.org
3400,Tadara,Brendal,tadara.brendal@exemple.org
3401,Marelea,Falsen,marelea.falsen@exemple.org
3402,Nasoli,Ravsac,nasoli.ravsac@mail.example
3403,Makenan,Lanvoir,makenan.lanvoir32@exemple.org
3404,Dudania,Nevner,dudania.nevner@exemple.org
3405,Nanelan,Cordal,nanelan.cordal@courrier.test
3406,Rinore,Lanmar,rinore.lanmar@mail.example
3407,Durisin,Corbert,durisin.corbert@exemple.org
3408,Pisolo,Tardis,pisolo.tardis@exemple.org
3409,Tanorea,Sornet,tanorea.sornet@mail.example
3410,Zoveni,Permer,zoveni.permer77@mail.example
3411,Tavenin,Havdis,tavenin.havdis@mail.example
3412,Kadare,Tarmont,kadare.tarmont@mail.example
3413,Jumonea,Wengren,jumonea.wengren@exemple.org
3414,Tatarin,Valdis,tatarin.valdis@exemple.org
3415,Ardanu,Brengren,ardanu.brengren@exemple.org
3416,Rireli,Dorlin,rireli.dorlin@exemple.org
3417,Ardane,Wenmer,ardane.wenmer34@exemple.org
3418,Orloni,Nevlin,orloni.nevlin@courrier.test
3419,Arkenia,Valrand,arkenia.valrand@exemple.org
3420,Juvenin,Ravgren,juvenin.ravgren@mail.example
3421,Pitelu,Corlin,pitelu.corlin@exemple.org
3422,Kanoria,Lantier,kanoria.lantier@exemple.org
3423,Vesenan,Pervoir,vesenan.pervoir@mail.example
3424,Somonu,Kelsen,somonu.kelsen39@exemple.org
3425,Lobore,Ostlin,lobore.ostlin@exemple.org
3426,Katelea,Tardal,katelea.tardal@exemple.org
3427,Orvina,Sormar,orvina.sormar@mail.example
3428,Setelo,Ravgren,setelo.ravgren@exemple.org
3429,Fesola,Galvane,fesola.galvane@courrier.test
3430,Vevinea,Dorbert,vevinea.dorbert@mail.example
3431,Dulisea,Sorrand,dulisea.sorrand20@courrier.test
3432,Jumonea,Keldis,jumonea.keldis@mail.example
3433,Elvenel,Dunlin,elvenel.dunlin@mail.example
3434,Solonin,Wenlin,solonin.wenlin@exemple.org
3435,Velisu,Falbert,velisu.falbert@mail.example
3436,Fevinin,Galsac,fevinin.galsac@exemple.org
3437,Tavalin,Corbel,tavalin.corbel@courrier.test
3438,Julisi,Ravdis,julisi.ravdis43@courrier.test
3439,Yunora,Galner,yunora.galner@courrier.test
3440,Balone,Tarmar,balone.tarmar@mail.example
3441,Losolel,Roslin,losolel.roslin@exemple.org
3442,Tadari,Wenbert,tadari.wenbert@exemple.org
3443,Basenan,Falmar,basenan.falmar@courrier.test
3444,Pirelel,Brendal,pirelel.brendal@exemple.org
3445,Sevine,Ravsen,sevine.ravsen79@exemple.org
3446,Navalu,Dunvane,navalu.dunvane@courrier.test
3447,Jutelea,Lanner,jutelea.lanner@mail.example
3448,Sorelan,Corner,sorelan.corner@exemple.org
3449,Orlono,Valmont,orlono.valmont@courrier.test
3450,Fevino,Nevbel,fevino.nevbel@exemple.org
3451,Ritelel,Corgren,ritelel.corgren@exemple.org
3452,Orlise,Lanner,orlise.lanner68@mail.example
3453,Sevina,Falkan,sevina.falkan@exemple.org
3454,Sekenel,Monbert,sekenel.monbert@mail.example
3455,Vesena,Dorlais,vesena.dorlais@exemple.org
3456,Tavenin,Wenmont,tavenin.wenmont@mail.example
3457,Zosolia,Vallin,zosolia.vallin@exemple.org
3458,Ferisa,Cormont,ferisa.cormont@courrier.test
3459,Elmoni,Falner,elmoni.falner82@exemple.org
3460,Yulonel,Nevkan,yulonel.nevkan@courrier.test
3461,Jutelin,Tarrand,jutelin.tarrand@exemple.org
3462,Fegara,Tormar,fegara.tormar@exemple.org
3463,Ridari,Ostbert,ridari.ostbert@courrier.test
3464,Malono,Rossen,malono.rossen@exemple.org
3465,Elvenea,Brenmar,elvenea.brenmar@exemple.org
3466,Batelo,Lanner,batelo.lanner78@exemple.org
3467,Tavinu,Sorvoir,tavinu.sorvoir@exemple.org
3468,Selono,Lannet,selono.lannet@courrier.test
3469,Seboria,Nevvoir,seboria.nevvoir@exemple.org
3470,Dulisu,Nevkan,dulisu.nevkan@courrier.test
3471,Zomarin,Ostnet,zomarin.ostnet@courrier.test
3472,Jugarea,Falnet,jugarea.falnet@mail.example
3473,Lovine,Wengren,lovine.wengren81@exemple.org
3474,Sesolia,Brenbert,sesolia.brenbert@exemple.org
3475,Selisea,Tardis,selisea.tardis@exemple.org
3476,Yuvali,Sornet,yuvali.sornet@exemple.org
3477,Rigarel,Dorlin,rigarel.dorlin@exemple.org
3478,Mivinia,Sorver,mivinia.sorver@exemple.org
3479,Fekeni,Sordis,fekeni.sordis@courrier.test
3480,Ridanea,Dorlais,ridanea.dorlais4@courrier.test
3481,Eldani,Sormer,eldani.sormer@mail.example
3482,Minele,Tarnet,minele.tarnet@mail.example
3483,Pimona,Havmer,pimona.havmer@exemple.org
3484,Orvalel,Rosgren,orvalel.rosgren@courrier.test
3485,Rikenia,Torvoir,rikenia.torvoir@exemple.org
3486,Pilisa,Tornet,pilisa.tornet@courrier.test
3487,Zoborea,Galmar,zoborea.galmar36@exemple.org
3488,Setara,Wenlais,setara.wenlais@exemple.org
3489,Zovini,Brennet,zovini.brennet@mail.example
3490,Namaran,Corner,namaran.corner@courrier.test
3491,Duvali,Dunmar,duvali.dunmar@exemple.org
3492,Ardano,Cordal,ardano.cordal@exemple.org
3493,Artele,Tarvoir,artele.tarvoir@exemple.org
3494,Orvenel,Torrand,orvenel.torrand93@mail.example
3495,Jutarel,Valtier,jutarel.valtier@courrier.test
3496,Setaru,Galgren,setaru.galgren@exemple.org
3497,Senoran,Lanrand,senoran.lanrand@exemple.org
3498,Nadanan,Rosdis,nadanan.rosdis@mail.example
3499,Yudarel,Torvoir,yudarel.torvoir@exemple.org
3500,Takenea,Galsen,takenea.galsen@exemple.org
3501,Jukenu,Monmont,jukenu.monmont58@exemple.org
3502,Minorin,Corbert,minorin.corbert@courrier.test
3503,Yumara,Osttier,yumara.osttier@exemple.org
3504,Jurelea,Keltier,jurelea.keltier@exemple.org
3505,Dudare,Wendal,dudare.wendal@exemple.org
3506,Arlonin,Nevtier,arlonin.nevtier@mail.example
3507,Pitelo,Cormer,pitelo.cormer@mail.example
3508,Nariso,Ravlin,nariso.ravlin33@exemple.org
3509,Arvinia,Nevver,arvinia.nevver@exemple.org
3510,Duvalo,Falkan,duvalo.falkan@exemple.org
3511,Veboru,Ostvoir,veboru.ostvoir@exemple.org
3512,Sevalel,Valrand,sevalel.valrand@exemple.org
3513,Milonel,Corkan,milonel.corkan@exemple.org
3514,Mitaru,Ravnet,mitaru.ravnet@courrier.test
3515,Juvalia,Havbel,juvalia.havbel67@mail.example
3516,Felonu,Torkan,felonu.torkan@exemple.org
3517,Juloni,Sordis,juloni.sordis@exemple.org
3518,Feseno,Wennet,feseno.wennet@exemple.org
3519,Fetaro,Galsac,fetaro.galsac@exemple.org
3520,Banelea,Ravvoir,banelea.ravvoir@courrier.test
3521,Dulonel,Dunbert,dulonel.dunbert@courrier.test
3522,Arrelea,Monbel,arrelea.monbel68@exemple.org
3523,Sevalin,Rosnet,sevalin.rosnet@exemple.org
3524,Masenel,Galmer,masenel.galmer@exemple.org
3525,Zogarel,Monner,zogarel.monner@exemple.org
3526,Rimara,Falvoir,rimara.falvoir@exemple.org
3527,Banoria,Torver,banoria.torver@courrier.test
3528,Venelu,Nevdal,venelu.nevdal@courrier.test
3529,Banela,Dorvoir,banela.dorvoir39@exemple.org
3530,Vemarel,Nevsen,vemarel.nevsen@courrier.test
3531,Mimari,Corner,mimari.corner@mail.example
3532,Bagara,Nevbel,bagara.nevbel@exemple.org
3533,Yurela,Valtier,yurela.valtier@exemple.org
3534,Elseno,Perlais,elseno.perlais@mail.example
3535,Tabori,Permont,tabori.permont@exemple.org
3536,Tamonia,Nevtier,tamonia.nevtier21@courrier.test
3537,Selisia,Tarmar,selisia.tarmar@exemple.org
3538,Artare,Rosmont,artare.rosmont@mail.example
3539,Pinori,Galrand,pinori.galrand@exemple.org
3540,Nalone,Dunvoir,nalone.dunvoir@exemple.org
3541,Verelia,Keldis,verelia.keldis@courrier.test
3542,Rigaro,Monsac,rigaro.monsac@mail.example
3543,Zorelo,Keltier,zorelo.keltier48@courrier.test
3544,Yumono,Nevmer,yumono.nevmer@courrier.test
3545,Mavali,Ravlais,mavali.ravlais@courrier.test
3546,Losolu,Landal,losolu.landal@courrier.test
3547,Yurisa,Havkan,yurisa.havkan@courrier.test
3548,Tamonea,Dunvoir,tamonea.dunvoir@exemple.org
3549,Tavale,Kelbel,tavale.kelbel@mail.example
3550,Lorelu,Lanvoir,lorelu.lanvoir71@exemple.org
3551,Setelo,Wennet,setelo.wennet@mail.example
3552,Dulonia,Sorbel,dulonia.sorbel@mail.example
3553,Solisia,Tarlin,solisia.tarlin@mail.example
3554,Mirisi,Tarver,mirisi.tarver@courrier.test
3555,Arvinu,Kelmar,arvinu.kelmar@exemple.org
3556,Bamaran,Wensac,bamaran.wensac@mail.example
3557,Kasolea,Havsen,kasolea.havsen84@exemple.org
3558,Rinelan,Torbert,rinelan.torbert@courrier.test
3559,Zoteli,Monkan,zoteli.monkan@exemple.org
3560,Orkeno,Havnet,orkeno.havnet@mail.example
3561,Pirelu,Havvane,pirelu.havvane@courrier.test
3562,Pivini,Kellin,pivini.kellin@exemple.org
3563,Fetarea,Nevdal,fetarea.nevdal@mail.example
3564,Armare,Corlais,armare.corlais89@courrier.test
3565,Juriso,Sorner,juriso.sorner@courrier.test
3566,Bagari,Havlin,bagari.havlin@mail.example
3567,Ritelu,Ravner,ritelu.ravner@courrier.test
3568,Lotare,Wenver,lotare.wenver@mail.example
3569,Elloni,Galner,elloni.galner@exemple.org
3570,Pikenan,Torsac,pikenan.torsac@exemple.org
3571,Semari,Havbel,semari.havbel14@mail.example
3572,Vemoni,Lantier,vemoni.lantier@mail.example
3573,Losenan,Havbel,losenan.havbel@courrier.test
3574,Orvenia,Fallin,orvenia.fallin@mail.example
3575,Tavalel,Lansen,tavalel.lansen@courrier.test
3576,Jugare,Landal,jugare.landal@courrier.test
3577,Semona,Galkan,semona.galkan@courrier.test
3578,Marelu,Brenkan,marelu.brenkan17@exemple.org
3579,Orvinea,Sorvoir,orvinea.sorvoir@exemple.org
3580,Badanel,Kelgren,badanel.kelgren@courrier.test
3581,Mimonea,Wenver,mimonea.wenver@exemple.org
3582,Tasolo,Galvoir,tasolo.galvoir@mail.example
3583,Kataran,Ravlais,kataran.ravlais@courrier.test
3584,Eltelia,Brenrand,eltelia.brenrand@exemple.org
3585,Judanel,Brenbel,judanel.brenbel18@courrier.test
3586,Zoteli,Falner,zoteli.falner@courrier.test
3587,Vevalea,Nevrand,vevalea.nevrand@exemple.org
3588,Nataro,Monner,nataro.monner@exemple.org
3589,Sovini,Faltier,sovini.faltier@mail.example
3590,Juvenu,Perlin,juvenu.perlin@exemple.org
3591,Maveno,Cormont,maveno.cormont@courrier.test
3592,Ormaria,Sorbert,ormaria.sorbert15@exemple.org
3593,Lonorel,Tarlin,lonorel.tarlin@courrier.test
3594,Elmonia,Langren,elmonia.langren@exemple.org
3595,Elsolu,Wenrand,elsolu.wenrand@exemple.org
3596,Mataria,Wenkan,mataria.wenkan@mail.example
3597,Jugari,Tordal,jugari.tordal@exemple.org
3598,Nalisu,Nevgren,nalisu.nevgren@courrier.test
3599,Sevenan,Sorsen,sevenan.sorsen75@courrier.test
3600,Juvenel,Corbert,juvenel.corbert@exemple.org
3601,Sosenel,Cormer,sosenel.cormer@courrier.test
3602,Pibora,Havbel,pibora.havbel@courrier.test
3603,Seseno,Tordal,seseno.tordal@mail.example
3604,Batele,Rosrand,batele.rosrand@courrier.test
3605,Milisi,Falsen,milisi.falsen@mail.example
3606,Yurelo,Perbel,yurelo.perbel88@exemple.org
3607,Orsolo,Dunbert,orsolo.dunbert@exemple.org
3608,Fenoria,Rosgren,fenoria.rosgren@exemple.org
3609,Ritelel,Havvoir,ritelel.havvoir@exemple.org
3610,Sonelo,Dorsac,sonelo.dorsac@exemple.org
3611,Tavina,Brendis,tavina.brendis@exemple.org
3612,Ririsu,Ravlin,ririsu.ravlin@exemple.org
3613,Badarin,Torlais,badarin.torlais79@mail.example
3614,Zokenin,Nevmar,zokenin.nevmar@exemple.org
3615,Mivenel,Monlin,mivenel.monlin@courrier.test
3616,Lodani,Nevtier,lodani.nevtier@mail.example
3617,Orvalan,Rosmont,orvalan.rosmont@exemple.org
3618,Sorisan,Havsen,sorisan.havsen@mail.example
3619,Eltaru,Tormar,eltaru.tormar@courrier.test
3620,Navenin,Ostdal,navenin.ostdal20@exemple.org
3621,Dusolan,Valtier,dusolan.valtier@exemple.org
3622,Dunelo,Nevnet,dunelo.nevnet@exemple.org
3623,Senoria,Torsen,senoria.torsen@exemple.org
3624,Zokenel,Valver,zokenel.valver@exemple.org
3625,Verelo,Monnet,verelo.monnet@mail.example
3626,Sevini,Ravkan,sevini.ravkan@exemple.org
3627,Verelea,Nevver,verelea.nevver98@exemple.org
3628,Vekenea,Falbel,vekenea.falbel@courrier.test
3629,Yugare,Galner,yugare.galner@mail.example
3630,Tavalin,Ravner,tavalin.ravner@exemple.org
3631,Judarea,Nevmar,judarea.nevmar@exemple.org
3632,Vemonia,Rosnet,vemonia.rosnet@exemple.org
3633,Sobori,Galgren,sobori.galgren@exemple.org
3634,Arvalu,Ostbel,arvalu.ostbel53@courrier.test
3635,Mamara,Lanlin,mamara.lanlin@exemple.org
3636,Mikena,Wenver,mikena.wenver@courrier.test
3637,Kadarea,Galner,kadarea.galner@exemple.org
3638,Rigaro,Torlin,rigaro.torlin@mail.example
3639,Lovenan,Ravmer,lovenan.ravmer@courrier.test
3640,Yukeni,Corsen,yukeni.corsen@mail.example
3641,Basola,Kellais,basola.kellais4@exemple.org
3642,Kasena,Torbel,kasena.torbel@courrier.test
3643,Nadanan,Kelnet,nadanan.kelnet@courrier.test
3644,Sedara,Brensen,sedara.brensen@exemple.org
3645,Tamarel,Havmer,tamarel.havmer@exemple.org
3646,Kasena,Corsac,kasena.corsac@exemple.org
3647,Tavini,Kelbert,tavini.kelbert@exemple.org
3648,Masenel,Torkan,masenel.torkan88@mail.example
3649,Arvini,Brennet,arvini.brennet@exemple.org
3650,Marisa,Dormont,marisa.dormont@courrier.test
3651,Yumono,Corner,yumono.corner@exemple.org
3652,Ferisi,Dorkan,ferisi.dorkan@exemple.org
3653,Malise,Falnet,malise.falnet@exemple.org
3654,Arsole,Perver,arsole.perver@exemple.org
3655,Jukenea,Vallin,jukenea.vallin90@courrier.test
3656,Nanoria,Brendis,nanoria.brendis@courrier.test
3657,Pisola,Sorver,pisola.sorver@exemple.org
3658,Minore,Corvane,minore.corvane@exemple.org
3659,Elvalu,Falrand,elvalu.falrand@exemple.org
3660,Nagaro,Lanrand,nagaro.lanrand@courrier.test
3661,Pimaru,Sorner,pimaru.sorner@courrier.test
3662,Rivali,Langren,rivali.langren40@exemple.org
3663,Eltelel,Valrand,eltelel.valrand@courrier.test
3664,Sesenu,Lanlin,sesenu.lanlin@exemple.org
3665,Navenia,Valvane,navenia.valvane@courrier.test
3666,Solise,Nevrand,solise.nevrand@courrier.test
3667,Arlisa,Wenmar,arlisa.wenmar@exemple.org
3668,Fedaria,Perver,fedaria.perver@exemple.org
3669,Jumoni,Tardal,jumoni.tardal93@courrier.test
3670,Tadaro,Valbert,tadaro.valbert@mail.example
3671,Zodano,Kelbert,zodano.kelbert@courrier.test
3672,Rikenia,Tarnet,rikenia.tarnet@exemple.org
3673,Nanelan,Sorver,nanelan.sorver@mail.example
3674,Arlisia,Havdal,arlisia.havdal@courrier.test
3675,Mirisan,Rosbel,mirisan.rosbel@exemple.org
3676,Tarisin,Vallais,tarisin.vallais58@exemple.org
3677,Dumarea,Corlin,dumarea.corlin@exemple.org
3678,Madarea,Sorner,madarea.sorner@mail.example
3679,Lolisu,Wengren,lolisu.wengren@exemple.org
3680,Sovinel,Perrand,sovinel.perrand@exemple.org
3681,Ormono,Falver,ormono.falver@exemple.org
3682,Dudania,Galbert,dudania.galbert@courrier.test
3683,Tadana,Ravsen,tadana.ravsen64@exemple.org
3684,Sotara,Wensen,sotara.wensen@courrier.test
3685,Nasolea,Valmont,nasolea.valmont@courrier.test
3686,Jusolin,Ostsac,jusolin.ostsac@exemple.org
3687,Navenu,Cortier,navenu.cortier@mail.example
3688,Segaro,Galdis,segaro.galdis@exemple.org
3689,Magare,Pervoir,magare.pervoir@exemple.org
3690,Mavenin,Falrand,mavenin.falrand13@courrier.test
3691,Navenia,Rosbert,navenia.rosbert@exemple.org
3692,Vekenin,Nevlais,vekenin.nevlais@mail.example
3693,Rilonel,Corlin,rilonel.corlin@courrier.test
3694,Orrelel,Galdal,orrelel.galdal@exemple.org
3695,Pisolu,Cormont,pisolu.cormont@exemple.org
3696,Ellisel,Lanlin,ellisel.lanlin@exemple.org
3697,Magaran,Brensen,magaran.brensen61@exemple.org
3698,Sorelea,Ravkan,sorelea.ravkan@mail.example
3699,Minoro,Ostsac,minoro.ostsac@courrier.test
3700,Marisu,Wendal,marisu.wendal@courrier.test
3701,Zovinu,Galmar,zovinu.galmar@mail.example
3702,Duboro,Sormer,duboro.sormer@mail.example
3703,Ornoran,Wenner,ornoran.wenner@exemple.org
3704,Kalisin,Valmar,kalisin.valmar79@exemple.org
3705,Jutaro,Wenver,jutaro.wenver@courrier.test
3706,Minelo,Dunlin,minelo.dunlin@exemple.org
3707,Kataran,Galdal,kataran.galdal@mail.example
3708,Pisene,Valbert,pisene.valbert@mail.example
3709,Zovenia,Kelvoir,zovenia.kelvoir@mail.example
3710,Madaran,Lanmar,madaran.lanmar@exemple.org
3711,Jukena,Lanbert,jukena.lanbert40@courrier.test
3712,Dutela,Corvane,dutela.corvane@mail.example
3713,Jutaran,Dorsac,jutaran.dorsac@exemple.org
3714,Jutelu,Nevnet,jutelu.nevnet@exemple.org
3715,Taneli,Kelkan,taneli.kelkan@exemple.org
3716,Sodani,Galver,sodani.galver@exemple.org
3717,Kalisel,Lansac,kalisel.lansac@exemple.org
3718,Dutelo,Rostier,dutelo.rostier53@exemple.org
3719,Juvinin,Rosver,juvinin.rosver@mail.example
3720,Fetelan,Torkan,fetelan.torkan@exemple.org
3721,Bavalia,Faltier,bavalia.faltier@mail.example
3722,Pirelel,Ravver,pirelel.ravver@exemple.org
3723,Orrelin,Nevkan,orrelin.nevkan@exemple.org
3724,Sevina,Havdal,sevina.havdal@exemple.org
3725,Risolia,Vallais,risolia.vallais50@exemple.org
3726,Mivinu,Dorbel,mivinu.dorbel@exemple.org
3727,Natarin,Wengren,natarin.wengren@courrier.test
3728,Armarel,Monsen,armarel.monsen@mail.example
3729,Yugaru,Monbel,yugaru.monbel@exemple.org
3730,Lodaro,Tarsen,lodaro.tarsen@courrier.test
3731,Armarin,Pernet,armarin.pernet@courrier.test
3732,Dusolel,Monsac,dusolel.monsac15@exemple.org
3733,Yugare,Dundal,yugare.dundal@exemple.org
3734,Tatarel,Nevmar,tatarel.nevmar@exemple.org
3735,Jugarel,Valgren,jugarel.valgren@mail.example
3736,Tasene,Lantier,tasene.lantier@exemple.org
3737,Zotele,Nevlin,zotele.nevlin@mail.example
3738,Armonel,Kelkan,armonel.kelkan@courrier.test
3739,Zorisin,Dorbel,zorisin.dorbel70@exemple.org
3740,Felisea,Nevvoir,felisea.nevvoir@exemple.org
3741,Baboria,Monmar,baboria.monmar@exemple.org
3742,Lodani,Nevsen,lodani.nevsen@courrier.test
3743,Navalia,Nevver,navalia.nevver@exemple.org
3744,Arrelin,Osttier,arrelin.osttier@exemple.org
3745,Pisola,Vallais,pisola.vallais@exemple.org
3746,Sekenan,Pergren,sekenan.pergren61@exemple.org
3747,Mireli,Ostvoir,mireli.ostvoir@exemple.org
3748,Mivinin,Valver,mivinin.valver@mail.example
3749,Dudanea,Sordis,dudanea.sordis@exemple.org
3750,Minelel,Ostmar,minelel.ostmar@exemple.org
3751,Semarea,Rosdis,semarea.rosdis@courrier.test
3752,Lodanan,Tornet,lodanan.tornet@courrier.test
3753,Junoro,Monmer,junoro.monmer25@courrier.test
3754,Juvalu,Brenmont,juvalu.brenmont@courrier.test
3755,Barelea,Tormont,barelea.tormont@exemple.org
3756,Tamara,Nevbel,tamara.nevbel@mail.example
3757,Sodaru,Havlin,sodaru.havlin@mail.example
3758,Kagarin,Dornet,kagarin.dornet@mail.example
3759,Verisan,Brenlais,verisan.brenlais@exemple.org
3760,Setelin,Kelsac,setelin.kelsac13@courrier.test
3761,Zodanu,Valmont,zodanu.valmont@mail.example
3762,Zogaro,Ravlin,zogaro.ravlin@mail.example
3763,Vegari,Sortier,vegari.sortier@exemple.org
3764,Eltarea,Monvoir,eltarea.monvoir@exemple.org
3765,Namara,Torsac,namara.torsac@courrier.test
3766,Marelel,Targren,marelel.targren@exemple.org
3767,Rivalia,Lanvoir,rivalia.lanvoir50@exemple.org
3768,Rimonia,Sorlin,rimonia.sorlin@exemple.org
3769,Somone,Lanmont,somone.lanmont@courrier.test
3770,Mivinan,Nevsac,mivinan.nevsac@exemple.org
3771,Pirelea,Fallin,pirelea.fallin@courrier.test
3772,Vesena,Corlais,vesena.corlais@mail.example
3773,Kamarel,Wenlais,kamarel.wenlais@exemple.org
3774,Elrelel,Nevmer,elrelel.nevmer78@mail.example
3775,Kareli,Wenbel,kareli.wenbel@courrier.test
3776,Tavalu,Ravgren,tavalu.ravgren@exemple.org
3777,Magarel,Gallais,magarel.gallais@courrier.test
3778,Milono,Rossen,milono.rossen@courrier.test
3779,Batarin,Corbel,batarin.corbel@exemple.org
3780,Orlonea,Ostkan,orlonea.ostkan@mail.example
3781,Orsolel,Falkan,orsolel.falkan88@exemple.org
3782,Fesenin,Valsac,fesenin.valsac@courrier.test
3783,Vevenu,Ravmar,vevenu.ravmar@mail.example
3784,Zosenu,Kellais,zosenu.kellais@mail.example
3785,Jugaran,Cornet,jugaran.cornet@courrier.test
3786,Felonel,Wendis,felonel.wendis@courrier.test
3787,Zovalan,Torlais,zovalan.torlais@exemple.org
3788,Tabore,Sorbert,tabore.sorbert71@exemple.org
3789,Julise,Lanmer,julise.lanmer@exemple.org
3790,Sodarin,Sorrand,sodarin.sorrand@mail.example
3791,Arnelia,Permer,arnelia.permer@exemple.org
3792,Fenelin,Roslin,fenelin.roslin@exemple.org
3793,Ordane,Rossen,ordane.rossen@courrier.test
3794,Arrelu,Ravmer,arrelu.ravmer@courrier.test
3795,Zodaran,Monvane,zodaran.monvane11@exemple.org
3796,Juvinea,Dunrand,juvinea.dunrand@courrier.test
3797,Mavinu,Valkan,mavinu.valkan@mail.example
3798,Bavinu,Falbert,bavinu.falbert@exemple.org
3799,Kavinea,Wenbel,kavinea.wenbel@mail.example
3800,Yuvenu,Dunlin,yuvenu.dunlin@exemple.org
3801,Elsolia,Montier,elsolia.montier@exemple.org
3802,Pirelan,Dunrand,pirelan.dunrand10@exemple.org
3803,Mavine,Tarnet,mavine.tarnet@exemple.org
3804,Pisole,Rosbert,pisole.rosbert@mail.example
3805,Kavalea,Kelsac,kavalea.kelsac@mail.example
3806,Venora,Tardal,venora.tardal@exemple.org
3807,Matarel,Tarbert,matarel.tarbert@mail.example
3808,Riborin,Monmar,riborin.monmar@courrier.test
3809,Tamone,Lanrand,tamone.lanrand76@exemple.org
3810,Dutelo,Dorlin,dutelo.dorlin@courrier.test
3811,Junelin,Brenver,junelin.brenver@exemple.org
3812,Sorisia,Tarlin,sorisia.tarlin@exemple.org
3813,Elmarel,Dunrand,elmarel.dunrand@courrier.test
3814,Nadanu,Havmer,nadanu.havmer@exemple.org
3815,Senele,Dorver,senele.dorver@exemple.org
3816,Orvinan,Ravbert,orvinan.ravbert89@mail.example
3817,Yulono,Wenmer,yulono.wenmer@mail.example
3818,Jumarea,Rosmer,jumarea.rosmer@mail.example
3819,Lovinu,Rosbel,lovinu.rosbel@exemple.org
3820,Jurelin,Sorvoir,jurelin.sorvoir@courrier.test
3821,Midanu,Sorlais,midanu.sorlais@courrier.test
3822,Risolan,Sorner,risolan.sorner@exemple.org
3823,Narelin,Dorlais,narelin.dorlais91@exemple.org
3824,Elnorin,Brentier,elnorin.brentier@courrier.test
3825,Semonan,Brenlin,semonan.brenlin@courrier.test
3826,Durelea,Falmer,durelea.falmer@exemple.org
3827,Manelo,Ostlais,manelo.ostlais@exemple.org
3828,Elsoli,Permont,elsoli.permont@mail.example
3829,Jumono,Havver,jumono.havver@exemple.org
3830,Nagarea,Torgren,nagarea.torgren58@exemple.org
3831,Arrelia,Brenmer,arrelia.brenmer@exemple.org
3832,Magari,Wenver,magari.wenver@exemple.org
3833,Zogaria,Ravmer,zogaria.ravmer@exemple.org
3834,Elvala,Wendal,elvala.wendal@exemple.org
3835,Rilonin,Wendis,rilonin.wendis@exemple.org
3836,Ridaro,Dundis,ridaro.dundis@courrier.test
3837,Maliso,Dunmar,maliso.dunmar38@exemple.org
3838,Orvini,Tarkan,orvini.tarkan@exemple.org
3839,Mivalin,Torsac,mivalin.torsac@courrier.test
3840,Risolo,Havbert,risolo.havbert@exemple.org
3841,Maborel,Valgren,maborel.valgren@exemple.org
3842,Mamonin,Tarkan,mamonin.tarkan@courrier.test
3843,Dutarin,Monmont,dutarin.monmont@mail.example
3844,Zogaran,Lanlais,zogaran.lanlais30@mail.example
3845,Lotaran,Galmar,lotaran.galmar@exemple.org
3846,Jutelo,Dorbert,jutelo.dorbert@exemple.org
3847,Kalone,Galmont,kalone.galmont@exemple.org
3848,Sereli,Ostlin,sereli.ostlin@exemple.org
3849,Lodanu,Faldis,lodanu.faldis@mail.example
3850,Manoria,Tarner,manoria.tarner@courrier.test
3851,Elliso,Permar,elliso.permar13@exemple.org
3852,Jukenan,Cormer,jukenan.cormer@mail.example
3853,Yumone,Brenlin,yumone.brenlin@courrier.test
3854,Arkenia,Monbert,arkenia.monbert@courrier.test
3855,Minori,Ostvoir,minori.ostvoir@exemple.org
3856,Mavalia,Ravmar,mavalia.ravmar@courrier.test
3857,Takeno,Dorbert,takeno.dorbert@courrier.test
3858,Feborea,Dorlais,feborea.dorlais24@exemple.org
3859,Riboro,Pernet,riboro.pernet@mail.example
3860,Verelel,Monlin,verelel.monlin@courrier.test
3861,Ririsia,Faldis,ririsia.faldis@exemple.org
3862,Feboro,Corrand,feboro.corrand@exemple.org
3863,Fevalel,Havmont,fevalel.havmont@exemple.org
3864,Lokenin,Dorsac,lokenin.dorsac@courrier.test
3865,Orlise,Monnet,orlise.monnet29@mail.example
3866,Orrela,Dorlais,orrela.dorlais@mail.example
3867,Setelea,Lanbert,setelea.lanbert@exemple.org
3868,Ferelel,Brenlin,ferelel.brenlin@courrier.test
3869,Arlisin,Nevvane,arlisin.nevvane@exemple.org
3870,Tavalo,Valner,tavalo.valner@exemple.org
3871,Tanelea,Havkan,tanelea.havkan@exemple.org
3872,Navalin,Faltier,navalin.faltier97@courrier.test
3873,Yukenin,Ostner,yukenin.ostner@exemple.org
3874,Duvene,Ravsac,duvene.ravsac@courrier.test
3875,Jurelo,Wenlais,jurelo.wenlais@exemple.org
3876,Tarisel,Ravmar,tarisel.ravmar@exemple.org
3877,Baboru,Lanmont,baboru.lanmont@exemple.org
3878,Kavinu,Wenmont,kavinu.wenmont@mail.example
3879,Dusolea,Pertier,dusolea.pertier70@exemple.org
3880,Ormono,Galkan,ormono.galkan@mail.example
3881,Batelo,Valbel,batelo.valbel@mail.example
3882,Argara,Kelver,argara.kelver@courrier.test
3883,Jugarea,Kellais,jugarea.kellais@courrier.test
3884,Yuvenu,Ravsac,yuvenu.ravsac@courrier.test
3885,Jusoli,Kelbert,jusoli.kelbert@courrier.test
3886,Orvine,Galmer,orvine.galmer18@mail.example
3887,Duborel,Falmer,duborel.falmer@exemple.org
3888,Kavena,Ravsac,kavena.ravsac@exemple.org
3889,Soborea,Ostmont,soborea.ostmont@exemple.org
3890,Fekenea,Langren,fekenea.langren@exemple.org
3891,Yumonan,Sorsen,yumonan.sorsen@exemple.org
3892,Serelo,Wenlin,serelo.wenlin@courrier.test
3893,Elsolu,Valver,elsolu.valver36@courrier.test
3894,Mitelel,Mondal,mitelel.mondal@courrier.test
3895,Vesolo,Kelner,vesolo.kelner@exemple.org
3896,Milonel,Kelsen,milonel.kelsen@mail.example
3897,Somonel,Havnet,somonel.havnet@exemple.org
3898,Tadaran,Galbert,tadaran.galbert@courrier.test
3899,Tanoran,Havlin,tanoran.havlin@exemple.org
3900,Fekenu,Cormar,fekenu.cormar95@courrier.test
3901,Sosolu,Wenrand,sosolu.wenrand@exemple.org
3902,Lotelin,Sormont,lotelin.sormont@exemple.org
3903,Zoveni,Tordal,zoveni.tordal@courrier.test
3904,Ellonu,Ravgren,ellonu.ravgren@courrier.test
3905,Milona,Cordis,milona.cordis@exemple.org
3906,Arrelel,Nevsen,arrelel.nevsen@mail.example
3907,Arnelea,Dorner,arnelea.dorner75@exemple.org
3908,Bavinan,Nevvane,bavinan.nevvane@exemple.org
3909,Yumona,Lanvane,yumona.lanvane@exemple.org
3910,Yusolu,Tarkan,yusolu.tarkan@mail.example
3911,Jumone,Dunmar,jumone.dunmar@courrier.test
3912,Vesena,Kelmont,vesena.kelmont@exemple.org
3913,Dusoli,Rossac,dusoli.rossac@exemple.org
3914,Kalise,Lanver,kalise.lanver61@courrier.test
3915,Jusolo,Ravbert,jusolo.ravbert@courrier.test
3916,Kakenia,Havrand,kakenia.havrand@mail.example
3917,Elsole,Havlais,elsole.havlais@mail.example
3918,Ferise,Corbert,ferise.corbert@courrier.test
3919,Zolisin,Perbert,zolisin.perbert@exemple.org
3920,Ellisa,Ravvoir,ellisa.ravvoir@exemple.org
3921,Takeno,Wenmar,takeno.wenmar72@courrier.test
3922,Pinoru,Kelnet,pinoru.kelnet@exemple.org
3923,Yutelel,Ostnet,yutelel.ostnet@exemple.org
3924,Ardaran,Sorgren,ardaran.sorgren@courrier.test
3925,Arkene,Brenbel,arkene.brenbel@mail.example
3926,Dusolia,Dunmer,dusolia.dunmer@courrier.test
3927,Armonea,Sorrand,armonea.sorrand@courrier.test
3928,Babore,Gallin,babore.gallin9@exemple.org
3929,Midari,Rostier,midari.rostier@exemple.org
3930,Piboran,Gallin,piboran.gallin@courrier.test
3931,Tagaria,Wenbel,tagaria.wenbel@mail.example
3932,Pisena,Permar,pisena.permar@mail.example
3933,Juloni,Tarmar,juloni.tarmar@courrier.test
3934,Elmonin,Brenlin,elmonin.brenlin@courrier.test
3935,Narisea,Fallin,narisea.fallin47@courrier.test
3936,Yutelin,Dunbel,yutelin.dunbel@courrier.test
3937,Ornelel,Corver,ornelel.corver@courrier.test
3938,Balonia,Nevnet,balonia.nevnet@exemple.org
3939,Elsenin,Pervane,elsenin.pervane@courrier.test
3940,Pilonia,Torgren,pilonia.torgren@exemple.org
3941,Magara,Ostnet,magara.ostnet@exemple.org
3942,Mavalia,Permer,mavalia.permer3@exemple.org
3943,Duvine,Kelgren,duvine.kelgren@courrier.test
3944,Elvinu,Dorsen,elvinu.dorsen@mail.example
3945,Sodarin,Ostsen,sodarin.ostsen@exemple.org
3946,Zogaria,Havlin,zogaria.havlin@mail.example
3947,Sogaria,Corlin,sogaria.corlin@mail.example
3948,Sodare,Dorsen,sodare.dorsen@mail.example
3949,Sevinu,Lanmer,sevinu.lanmer29@mail.example
3950,Basola,Dunbel,basola.dunbel@exemple.org
3951,Pimone,Nevmer,pimone.nevmer@mail.example
3952,Minelan,Vallin,minelan.vallin@mail.example
3953,Zorelea,Sorsac,zorelea.sorsac@exemple.org
3954,Elvala,Brengren,elvala.brengren@exemple.org
3955,Zoliso,Valrand,zoliso.valrand@exemple.org
3956,Juvinel,Brensen,juvinel.brensen93@exemple.org
3957,Zorelin,Keldis,zorelin.keldis@courrier.test
3958,Kamoni,Monbel,kamoni.monbel@exemple.org
3959,Mikenea,Nevner,mikenea.nevner@exemple.org
3960,Elgaria,Cormer,elgaria.cormer@courrier.test
3961,Bavini,Falmont,bavini.falmont@mail.example
3962,Zoteli,Wenvoir,zoteli.wenvoir@exemple.org
3963,Arnori,Permont,arnori.permont1@mail.example
3964,Kadanea,Tormar,kadanea.tormar@exemple.org
3965,Vesolan,Valkan,vesolan.valkan@mail.example
3966,Yudana,Brenbel,yudana.brenbel@mail.example
3967,Serelu,Tarrand,serelu.tarrand@exemple.org
3968,Orrisea,Valsen,orrisea.valsen@courrier.test
3969,Tavina,Dorsen,tavina.dorsen@exemple.org
3970,Semoni,Pernet,semoni.pernet63@exemple.org
3971,Kabora,Havmer,kabora.havmer@exemple.org
3972,Orrise,Tormont,orrise.tormont@exemple.org
3973,Feveno,Falsac,feveno.falsac@exemple.org
3974,Vetelel,Rosver,vetelel.rosver@exemple.org
3975,Selisea,Tarvane,selisea.tarvane@mail.example
3976,Jugaru,Tormer,jugaru.tormer@exemple.org
3977,Manela,Havrand,manela.havrand90@exemple.org
3978,Julonin,Tormer,julonin.tormer@exemple.org
3979,Kakenia,Galdis,kakenia.galdis@exemple.org
3980,Eltelia,Wensac,eltelia.wensac@mail.example
3981,Fenora,Falbel,fenora.falbel@mail.example
3982,Sonelan,Ostmer,sonelan.ostmer@exemple.org
3983,Ardania,Galmar,ardania.galmar@exemple.org
3984,Sesena,Galner,sesena.galner12@exemple.org
3985,Mimarin,Ostnet,mimarin.ostnet@courrier.test
3986,Basolo,Falbel,basolo.falbel@mail.example
3987,Seliso,Wengren,seliso.wengren@courrier.test
3988,Madaru,Rosmar,madaru.rosmar@exemple.org
3989,Setelu,Ostbel,setelu.ostbel@mail.example
3990,Arrele,Wenkan,arrele.wenkan@courrier.test
3991,Arvale,Tartier,arvale.tartier63@exemple.org
3992,Ferisin,Lanvane,ferisin.lanvane@exemple.org
3993,Lorelel,Kelnet,lorelel.kelnet@mail.example
3994,Masola,Ostbel,masola.ostbel@exemple.org
3995,Ardania,Galmer,ardania.galmer@mail.example
3996,Kadara,Tardal,kadara.tardal@courrier.test
3997,Pisolo,Keldis,pisolo.keldis@mail.example
3998,Zorelo,Corner,zorelo.corner4@exemple.org
3999,Selisia,Dorsen,selisia.dorsen@courrier.test
4000,Mavenel,Kelvoir,mavenel.kelvoir@courrier.test
4001,Fevinia,Valsen,fevinia.valsen@mail.example
4002,Lolisin,Tordis,lolisin.tordis@courrier.test
4003,Zotela,Ravlin,zotela.ravlin@courrier.test
4004,Badane,Duntier,badane.duntier@exemple.org
4005,Mikeno,Havdal,mikeno.havdal38@courrier.test
4006,Elrelel,Dorver,elrelel.dorver@exemple.org
4007,Rikeno,Kellais,rikeno.kellais@mail.example
4008,Yuveni,Rossen,yuveni.rossen@courrier.test
4009,Somonel,Tarner,somonel.tarner@mail.example
4010,Junorin,Valgren,junorin.valgren@courrier.test
4011,Yudane,Mongren,yudane.mongren@exemple.org
4012,Somone,Falrand,somone.falrand23@courrier.test
4013,Dutelan,Sorvoir,dutelan.sorvoir@exemple.org
4014,Vesene,Perner,vesene.perner@mail.example
4015,Zovinin,Permont,zovinin.permont@mail.example
4016,Elrela,Pervoir,elrela.pervoir@mail.example
4017,Feloni,Perrand,feloni.perrand@exemple.org
4018,Sotelo,Kelsac,sotelo.kelsac@courrier.test
4019,Yutele,Tarlais,yutele.tarlais56@exemple.org
4020,Logarel,Valsac,logarel.valsac@courrier.test
4021,Bakenel,Ravnet,bakenel.ravnet@courrier.test
4022,Tariso,Tarrand,tariso.tarrand@courrier.test
4023,Veveni,Tortier,veveni.tortier@exemple.org
4024,Nasene,Valnet,nasene.valnet@courrier.test
4025,Lomari,Persac,lomari.persac@courrier.test
4026,Rimonu,Lansac,rimonu.lansac92@courrier.test
4027,Tabori,Kelmar,tabori.kelmar@exemple.org
4028,Fegaran,Wenlais,fegaran.wenlais@exemple.org
4029,Serisa,Tardis,serisa.tardis@courrier.test
4030,Lomaru,Dorsac,lomaru.dorsac@exemple.org
4031,Pinoria,Dunmer,pinoria.dunmer@exemple.org
4032,Fevinia,Valgren,fevinia.valgren@mail.example
4033,Pitelo,Ostmont,pitelo.ostmont51@exemple.org
4034,Vesenia,Sormont,vesenia.sormont@exemple.org
4035,Selona,Brenrand,selona.brenrand@exemple.org
4036,Lotari,Tarnet,lotari.tarnet@exemple.org
4037,Katelo,Kelsen,katelo.kelsen@courrier.test
4038,Elriso,Ostlin,elriso.ostlin@mail.example
4039,Veborel,Ostmar,veborel.ostmar@mail.example
4040,Yusene,Corsen,yusene.corsen83@courrier.test
4041,Semonia,Keldis,semonia.keldis@exemple.org
4042,Lovinel,Valvoir,lovinel.valvoir@courrier.test
4043,Malisi,Wensen,malisi.wensen@courrier.test
4044,Lomonin,Lansen,lomonin.lansen@exemple.org
4045,Kataru,Dorrand,kataru.dorrand@courrier.test
4046,Elneli,Ravkan,elneli.ravkan@exemple.org
4047,Nasene,Galsen,nasene.galsen83@exemple.org
4048,Natare,Sorvane,natare.sorvane@exemple.org
4049,Elboru,Torver,elboru.torver@exemple.org
4050,Batelea,Sorbert,batelea.sorbert@courrier.test
4051,Orgarin,Falkan,orgarin.falkan@mail.example
4052,Juvinea,Havbel,juvinea.havbel@exemple.org
4053,Tatelea,Corner,tatelea.corner@exemple.org
4054,Masolan,Pertier,masolan.pertier10@exemple.org
4055,Dunelel,Corbert,dunelel.corbert@mail.example
4056,Jumaro,Lanmer,jumaro.lanmer@courrier.test
4057,Venoru,Galner,venoru.galner@exemple.org
4058,Venora,Ravbert,venora.ravbert@mail.example
4059,Jurisan,Nevsac,jurisan.nevsac@exemple.org
4060,Sodarin,Wengren,sodarin.wengren@mail.example
4061,Ordanan,Monlais,ordanan.monlais82@exemple.org
4062,Jumarel,Fallin,jumarel.fallin@courrier.test
4063,Lotelu,Falgren,lotelu.falgren@exemple.org
4064,Midara,Faldis,midara.faldis@exemple.org
4065,Yutele,Wenner,yutele.wenner@mail.example
4066,Kaseni,Valvane,kaseni.valvane@exemple.org
4067,Orlonea,Cornet,orlonea.cornet@mail.example
4068,Bagarin,Ostmer,bagarin.ostmer81@exemple.org
4069,Juvalu,Nevlin,juvalu.nevlin@exemple.org
4070,Manorea,Monbel,manorea.monbel@exemple.org
4071,Nalonea,Falmont,nalonea.falmont@exemple.org
4072,Soboran,Tarner,soboran.tarner@mail.example
4073,Dunelea,Dunsac,dunelea.dunsac@exemple.org
4074,Lodano,Ravmar,lodano.ravmar@exemple.org
4075,Zodaro,Cornet,zodaro.cornet40@exemple.org
4076,Sovalo,Kelvane,sovalo.kelvane@exemple.org
4077,Sevale,Torgren,sevale.torgren@exemple.org
4078,Vemono,Dorvoir,vemono.dorvoir@courrier.test
4079,Barisea,Dorner,barisea.dorner@exemple.org
4080,Tadarel,Kelkan,tadarel.kelkan@mail.example
4081,Rimonin,Wenvane,rimonin.wenvane@mail.example
4082,Dudarel,Monvane,dudarel.monvane16@mail.example
4083,Kavinia,Nevner,kavinia.nevner@courrier.test
4084,Sekenan,Nevver,sekenan.nevver@courrier.test
4085,Somarin,Falgren,somarin.falgren@exemple.org
4086,Julonea,Havlin,julonea.havlin@exemple.org
4087,Felisel,Torner,felisel.torner@exemple.org
4088,Tavenan,Ravbel,tavenan.ravbel@exemple.org
4089,Elkenel,Faldis,elkenel.faldis37@courrier.test
4090,Milisia,Rosmer,milisia.rosmer@mail.example
4091,Dudanin,Brenmer,dudanin.brenmer@courrier.test
4092,Tanelu,Valbert,tanelu.valbert@exemple.org
4093,Senorin,Dundal,senorin.dundal@mail.example
4094,Bagarel,Rossac,bagarel.rossac@mail.example
4095,Pitela,Ostver,pitela.ostver@courrier.test
4096,Elvinan,Torbert,elvinan.torbert47@courrier.test
4097,Pitaran,Havmont,pitaran.havmont@exemple.org
4098,Riseni,Pergren,riseni.pergren@exemple.org
4099,Misolea,Perlin,misolea.perlin@courrier.test
4100,Mivena,Permont,mivena.permont@exemple.org
4101,Orvino,Lansac,orvino.lansac@mail.example
4102,Bagarea,Galbel,bagarea.galbel@exemple.org
4103,Ornora,Roslin,ornora.roslin44@exemple.org
4104,Sedaran,Dunnet,sedaran.dunnet@mail.example
4105,Pidanel,Sorlin,pidanel.sorlin@exemple.org
4106,Kasenia,Havdis,kasenia.havdis@exemple.org
4107,Dukenea,Sordis,dukenea.sordis@exemple.org
4108,Ornelu,Dorgren,ornelu.dorgren@exemple.org
4109,Elgari,Wenvane,elgari.wenvane@courrier.test
4110,Vesoli,Sorvane,vesoli.sorvane78@exemple.org
4111,Mabora,Falbel,mabora.falbel@courrier.test
4112,Juneli,Rosdis,juneli.rosdis@mail.example
4113,Orvena,Falmer,orvena.falmer@exemple.org
4114,Yudara,Sorrand,yudara.sorrand@exemple.org
4115,Fetelel,Havner,fetelel.havner@exemple.org
4116,Lovenel,Brenvoir,lovenel.brenvoir@exemple.org
4117,Jukenia,Kelvoir,jukenia.kelvoir88@mail.example
4118,Arrelia,Wenbel,arrelia.wenbel@mail.example
4119,Judanu,Sorrand,judanu.sorrand@courrier.test
4120,Elrelel,Ravmont,elrelel.ravmont@exemple.org
4121,Zorisin,Lankan,zorisin.lankan@courrier.test
4122,Nasolia,Torkan,nasolia.torkan@exemple.org
4123,Barelel,Falsen,barelel.falsen@mail.example
4124,Elvale,Tarlais,elvale.tarlais51@mail.example
4125,Zolono,Ostvane,zolono.ostvane@exemple.org
4126,Judaro,Tormar,judaro.tormar@courrier.test
4127,Navene,Havlin,navene.havlin@courrier.test
4128,Semari,Ostrand,semari.ostrand@exemple.org
4129,Armarea,Torver,armarea.torver@exemple.org
4130,Sosoli,Galsac,sosoli.galsac@exemple.org
4131,Basola,Nevner,basola.nevner25@mail.example
4132,Elsenea,Corsac,elsenea.corsac@mail.example
4133,Junelo,Nevsen,junelo.nevsen@exemple.org
4134,Setaria,Dorvoir,setaria.dorvoir@exemple.org
4135,Rimari,Dormar,rimari.dormar@courrier.test
4136,Ritarin,Tarbel,ritarin.tarbel@exemple.org
4137,Manelo,Perrand,manelo.perrand@courrier.test
4138,Yuvenel,Kelner,yuvenel.kelner94@courrier.test
4139,Verisea,Landal,verisea.landal@courrier.test
4140,Nanoru,Monkan,nanoru.monkan@mail.example
4141,Namarin,Galbert,namarin.galbert@exemple.org
4142,Elnele,Wenlais,elnele.wenlais@exemple.org
4143,Sosenu,Wenvane,sosenu.wenvane@exemple.org
4144,Orvalo,Wenmont,orvalo.wenmont@courrier.test
4145,Talisin,Ravrand,talisin.ravrand89@courrier.test
4146,Orboro,Dunmar,orboro.dunmar@courrier.test
4147,Pigare,Wenkan,pigare.wenkan@mail.example
4148,Malonea,Galdal,malonea.galdal@courrier.test
4149,Somari,Valvane,somari.valvane@exemple.org
4150,Badani,Falmer,badani.falmer@mail.example
4151,Pikenu,Monvoir,pikenu.monvoir@exemple.org
4152,Yudanel,Rosgren,yudanel.rosgren60@mail.example
4153,Juvinu,Ravmont,juvinu.ravmont@courrier.test
4154,Jusolel,Dorvane,jusolel.dorvane@exemple.org
4155,Fevinan,Valmer,fevinan.valmer@courrier.test
4156,Nagarin,Valdis,nagarin.valdis@courrier.test
4157,Navinia,Rosmar,navinia.rosmar@courrier.test
4158,Madaria,Nevbel,madaria.nevbel@mail.example
4159,Lodanu,Havdal,lodanu.havdal98@mail.example
4160,Yuseni,Lanbel,yuseni.lanbel@courrier.test
4161,Taliso,Monrand,taliso.monrand@exemple.org
4162,Barelia,Ravmont,barelia.ravmont@courrier.test
4163,Ellisan,Lansac,ellisan.lansac@exemple.org
4164,Velisea,Rosmar,velisea.rosmar@mail.example
4165,Senelin,Montier,senelin.montier@exemple.org
4166,Juboro,Torver,juboro.torver96@mail.example
4167,Semara,Monmer,semara.monmer@exemple.org
4168,Kavinu,Perlin,kavinu.perlin@courrier.test
4169,Vemarin,Wenmont,vemarin.wenmont@mail.example
4170,Semonan,Ostmar,semonan.ostmar@courrier.test
4171,Zorisia,Ostlin,zorisia.ostlin@exemple.org
4172,Venoru,Lanmar,venoru.lanmar@exemple.org
4173,Kakene,Galvoir,kakene.galvoir58@exemple.org
4174,Maveni,Rosmer,maveni.rosmer@exemple.org
4175,Rinoru,Falkan,rinoru.falkan@mail.example
4176,Mitelan,Corvoir,mitelan.corvoir@exemple.org
4177,Zolona,Ravsac,zolona.ravsac@courrier.test
4178,Orsoli,Tortier,orsoli.tortier@exemple.org
4179,Lovalin,Ravsen,lovalin.ravsen@courrier.test
4180,Kalone,Tarner,kalone.tarner76@exemple.org
4181,Armono,Sorlais,armono.sorlais@exemple.org
4182,Yuborel,Galbel,yuborel.galbel@mail.example
4183,Ordara,Monlin,ordara.monlin@exemple.org
4184,Somaran,Torlin,somaran.torlin@exemple.org
4185,Pigarin,Monlais,pigarin.monlais@courrier.test
4186,Duvenea,Nevtier,duvenea.nevtier@mail.example
4187,Armonel,Havvane,armonel.havvane48@exemple.org
4188,Mavinea,Sormont,mavinea.sormont@exemple.org
4189,Zomari,Wenvoir,zomari.wenvoir@mail.example
4190,Zodanan,Dormer,zodanan.dormer@courrier.test
4191,Zovine,Ostgren,zovine.ostgren@exemple.org
4192,Sonora,Dorlin,sonora.dorlin@exemple.org
4193,Nalonia,Mondal,nalonia.mondal@mail.example
4194,Zodano,Galmer,zodano.galmer12@exemple.org
4195,Arnelo,Corsac,arnelo.corsac@exemple.org
4196,Kavino,Falvane,kavino.falvane@courrier.test
4197,Fesenea,Sorvoir,fesenea.sorvoir@exemple.org
4198,Fesolu,Ostsac,fesolu.ostsac@mail.example
4199,Dutelia,Ravkan,dutelia.ravkan@mail.example
4200,Navine,Rosmont,navine.rosmont@mail.example
4201,Pidanel,Perbel,pidanel.perbel91@courrier.test
4202,Jumaria,Dorlin,jumaria.dorlin@mail.example
4203,Jurisea,Rosgren,jurisea.rosgren@mail.example
4204,Sotaria,Landis,sotaria.landis@exemple.org
4205,Yugarel,Ostdal,yugarel.ostdal@exemple.org
4206,Ormono,Corsac,ormono.corsac@courrier.test
4207,Ridarea,Monvoir,ridarea.monvoir@mail.example
4208,Veloni,Perbel,veloni.perbel37@courrier.test
4209,Zorisi,Nevvane,zorisi.nevvane@exemple.org
4210,Selisu,Corlin,selisu.corlin@exemple.org
4211,Banorel,Dunmer,banorel.dunmer@exemple.org
4212,Basole,Monmar,basole.monmar@courrier.test
4213,Velone,Sorvoir,velone.sorvoir@exemple.org
4214,Argaria,Corrand,argaria.corrand@exemple.org
4215,Risene,Corsen,risene.corsen52@courrier.test
4216,Elnoru,Lanvoir,elnoru.lanvoir@courrier.test
4217,Sevinea,Wenmar,sevinea.wenmar@mail.example
4218,Jutelea,Monner,jutelea.monner@courrier.test
4219,Soseni,Perrand,soseni.perrand@exemple.org
4220,Pirisea,Cormont,pirisea.cormont@mail.example
4221,Elsolo,Lanvane,elsolo.lanvane@courrier.test
4222,Talona,Mongren,talona.mongren3@exemple.org
4223,Yumara,Torner,yumara.torner@courrier.test
4224,Kalisea,Nevrand,kalisea.nevrand@exemple.org
4225,Kalona,Wendis,kalona.wendis@exemple.org
4226,Dunoro,Targren,dunoro.targren@exemple.org
4227,Yuvini,Dorrand,yuvini.dorrand@courrier.test
4228,Elseni,Dunner,elseni.dunner@courrier.test
4229,Midanu,Galgren,midanu.galgren85@exemple.org
4230,Ordanin,Falkan,ordanin.falkan@courrier.test
4231,Malisa,Dorvane,malisa.dorvane@exemple.org
4232,Dutari,Brenbel,dutari.brenbel@courrier.test
4233,Kanoran,Kellin,kanoran.kellin@exemple.org
4234,Elnelea,Kelver,elnelea.kelver@courrier.test
4235,Jukenia,Valrand,jukenia.valrand@courrier.test
4236,Ellisan,Keldal,ellisan.keldal25@exemple.org
4237,Marisa,Galsac,marisa.galsac@exemple.org
4238,Fesenel,Dorsen,fesenel.dorsen@exemple.org
4239,Elgarel,Osttier,elgarel.osttier@courrier.test
4240,Elgaria,Ostnet,elgaria.ostnet@courrier.test
4241,Talonin,Valner,talonin.valner@courrier.test
4242,Orboro,Wensen,orboro.wensen@courrier.test
4243,Balonia,Faltier,balonia.faltier30@exemple.org
4244,Sonelea,Falgren,sonelea.falgren@exemple.org
4245,Junoran,Torrand,junoran.torrand@mail.example
4246,Vemarel,Tarkan,vemarel.tarkan@exemple.org
4247,Zoboran,Vallais,zoboran.vallais@exemple.org
4248,Mirele,Kelkan,mirele.kelkan@exemple.org
4249,Dumona,Corver,dumona.corver@mail.example
4250,Dutarea,Ravner,dutarea.ravner1@courrier.test
4251,Mavine,Wenmar,mavine.wenmar@exemple.org
4252,Pilisu,Kelmont,pilisu.kelmont@courrier.test
4253,Bavinel,Nevvoir,bavinel.nevvoir@exemple.org
4254,Bavini,Kelkan,bavini.kelkan@exemple.org
4255,Jumaru,Dunsac,jumaru.dunsac@mail.example
4256,Vebore,Duntier,vebore.duntier@courrier.test
4257,Velisel,Ostmont,velisel.ostmont11@exemple.org
4258,Tadanu,Torrand,tadanu.torrand@exemple.org
4259,Ormaro,Wenvane,ormaro.wenvane@courrier.test
4260,Rivina,Dundal,rivina.dundal@mail.example
4261,Arlonan,Tarmer,arlonan.tarmer@exemple.org
4262,Yulisea,Ravver,yulisea.ravver@exemple.org
4263,Namoni,Valtier,namoni.valtier@courrier.test
4264,Lonelan,Nevgren,lonelan.nevgren85@exemple.org
4265,Yuvino,Mongren,yuvino.mongren@courrier.test
4266,Zoseno,Sortier,zoseno.sortier@exemple.org
4267,Femaro,Sorver,femaro.sorver@exemple.org
4268,Vebora,Corlais,vebora.corlais@mail.example
4269,Vebore,Lanmont,vebore.lanmont@courrier.test
4270,Sodaru,Monmar,sodaru.monmar@courrier.test
4271,Yutarel,Permont,yutarel.permont71@courrier.test
4272,Zosole,Nevver,zosole.nevver@mail.example
4273,Semonin,Sorlais,semonin.sorlais@exemple.org
4274,Pigaria,Kelner,pigaria.kelner@exemple.org
4275,Marelu,Rosvoir,marelu.rosvoir@courrier.test
4276,Sonora,Tordis,sonora.tordis@mail.example
4277,Lorisu,Kelbert,lorisu.kelbert@courrier.test
4278,Sovina,Nevdal,sovina.nevdal37@mail.example
4279,Tanelel,Nevbel,tanelel.nevbel@courrier.test
4280,Nadanel,Rosvoir,nadanel.rosvoir@exemple.org
4281,Rilisel,Ostdal,rilisel.ostdal@exemple.org
4282,Bagarea,Brenver,bagarea.brenver@exemple.org
4283,Sedania,Kelver,sedania.kelver@exemple.org
4284,Minorel,Ravver,minorel.ravver@exemple.org
4285,Kasolia,Dunlais,kasolia.dunlais8@mail.example
4286,Ririsa,Dornet,ririsa.dornet@exemple.org
4287,Durisu,Dorsen,durisu.dorsen@mail.example
4288,Pitare,Sorner,pitare.sorner@exemple.org
4289,Yusolia,Rosmar,yusolia.rosmar@courrier.test
4290,Balisa,Falmont,balisa.falmont@exemple.org
4291,Masenel,Tardis,masenel.tardis@exemple.org
4292,Elvalan,Cordis,elvalan.cordis39@exemple.org
4293,Vemonin,Ostbert,vemonin.ostbert@exemple.org
4294,Zovalin,Dorbel,zovalin.dorbel@exemple.org
4295,Senela,Cortier,senela.cortier@exemple.org
4296,Jusenel,Wenlin,jusenel.wenlin@courrier.test
4297,Rivalea,Monnet,rivalea.monnet@exemple.org
4298,Judania,Havmont,judania.havmont@courrier.test
4299,Madari,Wenvane,madari.wenvane70@exemple.org
4300,Dunoria,Vallais,dunoria.vallais@mail.example
4301,Elvala,Wenrand,elvala.wenrand@exemple.org
4302,Makeno,Valbert,makeno.valbert@courrier.test
4303,Feboro,Ravvoir,feboro.ravvoir@courrier.test
4304,Dumonea,Havmont,dumonea.havmont@courrier.test
4305,Tarelea,Kelgren,tarelea.kelgren@courrier.test
4306,Ferele,Brenvoir,ferele.brenvoir46@courrier.test
4307,Ridara,Rosner,ridara.rosner@exemple.org
4308,Yuseni,Tarbel,yuseni.tarbel@courrier.test
4309,Vemaru,Brengren,vemaru.brengren@exemple.org
4310,Orsenin,Faldis,orsenin.faldis@exemple.org
4311,Zokenel,Targren,zokenel.targren@exemple.org
4312,Fesolea,Tarbert,fesolea.tarbert@exemple.org
4313,Zosenia,Dunvane,zosenia.dunvane71@exemple.org
4314,Dulonin,Sorvoir,dulonin.sorvoir@courrier.test
4315,Basene,Wenlin,basene.wenlin@exemple.org
4316,Dunoran,Tarrand,dunoran.tarrand@exemple.org
4317,Fedaru,Galmar,fedaru.galmar@mail.example
4318,Lovalin,Galsen,lovalin.galsen@exemple.org
4319,Duliso,Tarrand,duliso.tarrand@exemple.org
4320,Jusolia,Ostvoir,jusolia.ostvoir61@exemple.org
4321,Naboria,Ravnet,naboria.ravnet@mail.example
4322,Ritaria,Dunmar,ritaria.dunmar@mail.example
4323,Mavenin,Wenvane,mavenin.wenvane@exemple.org
4324,Arvino,Cormar,arvino.cormar@exemple.org
4325,Zokenea,Langren,zokenea.langren@courrier.test
4326,Vetarin,Gallin,vetarin.gallin@exemple.org
4327,Yugari,Lanver,yugari.lanver7@courrier.test
4328,Rinorin,Torrand,rinorin.torrand@exemple.org
4329,Elmarin,Kellin,elmarin.kellin@courrier.test
4330,Sotelo,Pertier,sotelo.pertier@courrier.test
4331,Sedania,Nevdis,sedania.nevdis@exemple.org
4332,Zovenel,Sorrand,zovenel.sorrand@exemple.org
4333,Pitari,Galner,pitari.galner@courrier.test
4334,Pimarin,Nevlais,pimarin.nevlais30@exemple.org
4335,Segaran,Osttier,segaran.osttier@exemple.org
4336,Pisenan,Dortier,pisenan.dortier@exemple.org
4337,Dutare,Ravtier,dutare.ravtier@exemple.org
4338,Fenelin,Tordis,fenelin.tordis@courrier.test
4339,Elboran,Cortier,elboran.cortier@exemple.org
4340,Rigarin,Ostgren,rigarin.ostgren@mail.example
4341,Felonia,Dorbel,felonia.dorbel26@courrier.test
4342,Sovinea,Monlin,sovinea.monlin@mail.example
4343,Vetela,Tarkan,vetela.tarkan@exemple.org
4344,Solonia,Falvoir,solonia.falvoir@mail.example
4345,Bavenin,Corner,bavenin.corner@mail.example
4346,Juliso,Pernet,juliso.pernet@courrier.test
4347,Tavalo,Rosvane,tavalo.rosvane@courrier.test
4348,Tagaru,Ravkan,tagaru.ravkan52@courrier.test
4349,Basenel,Dundal,basenel.dundal@exemple.org
4350,Nakenu,Galkan,nakenu.galkan@exemple.org
4351,Dusenan,Perdis,dusenan.perdis@mail.example
4352,Sorisea,Sordal,sorisea.sordal@mail.example
4353,Yusena,Tartier,yusena.tartier@exemple.org
4354,Kanoran,Falner,kanoran.falner@exemple.org
4355,Sekenea,Corbel,sekenea.corbel39@mail.example
4356,Rikenan,Dunlin,rikenan.dunlin@courrier.test
4357,Lomonan,Kelmont,lomonan.kelmont@exemple.org
4358,Madaro,Galnet,madaro.galnet@courrier.test
4359,Sevalo,Sorsen,sevalo.sorsen@courrier.test
4360,Nasolel,Lansac,nasolel.lansac@mail.example
4361,Elgara,Cordis,elgara.cordis@mail.example
4362,Orvinu,Galmont,orvinu.galmont79@exemple.org
4363,Eldanel,Valvane,eldanel.valvane@mail.example
4364,Velonel,Nevner,velonel.nevner@exemple.org
4365,Banori,Dunbel,banori.dunbel@mail.example
4366,Pilisin,Ravner,pilisin.ravner@exemple.org
4367,Arvina,Permer,arvina.permer@courrier.test
4368,Setarea,Corsac,setarea.corsac@exemple.org
4369,Ornelia,Ravgren,ornelia.ravgren67@mail.example
4370,Elbore,Duntier,elbore.duntier@exemple.org
4371,Marisa,Brendis,marisa.brendis@mail.example
4372,Pikenu,Rosnet,pikenu.rosnet@courrier.test
4373,Nadaran,Ravrand,nadaran.ravrand@exemple.org
4374,Sodanu,Corsac,sodanu.corsac@exemple.org
4375,Artelin,Nevmar,artelin.nevmar@exemple.org
4376,Kavenan,Gallais,kavenan.gallais85@exemple.org
4377,Yutelea,Cornet,yutelea.cornet@courrier.test
4378,Minorea,Tarlais,minorea.tarlais@courrier.test
4379,Fetelea,Havner,fetelea.havner@courrier.test
4380,Velono,Havnet,velono.havnet@exemple.org
4381,Minelel,Galsen,minelel.galsen@exemple.org
4382,Arnoran,Torsen,arnoran.torsen@exemple.org
4383,Pivina,Monvoir,pivina.monvoir2@courrier.test
4384,Duvino,Dunrand,duvino.dunrand@exemple.org
4385,Lolonea,Monsac,lolonea.monsac@courrier.test
4386,Tanoria,Lanver,tanoria.lanver@exemple.org
4387,Elvino,Tarmont,elvino.tarmont@exemple.org
4388,Arvalo,Torver,arvalo.torver@exemple.org
4389,Lodare,Dunmont,lodare.dunmont@exemple.org
4390,Kasenel,Keldal,kasenel.keldal47@courrier.test
4391,Fenelin,Lanbert,fenelin.lanbert@courrier.test
4392,Basolu,Sorlin,basolu.sorlin@exemple.org
4393,Fevinu,Tormar,fevinu.tormar@exemple.org
4394,Navalo,Falrand,navalo.falrand@courrier.test
4395,Mikene,Valdis,mikene.valdis@courrier.test
4396,Yukenin,Monnet,yukenin.monnet@exemple.org
4397,Lorelu,Wengren,lorelu.wengren27@exemple.org
4398,Losolel,Wenmont,losolel.wenmont@exemple.org
4399,Sotelea,Brenmar,sotelea.brenmar@exemple.org
4400,Kaveno,Dorsac,kaveno.dorsac@courrier.test
4401,Mivine,Monmer,mivine.monmer@courrier.test
4402,Sovalel,Ostlais,sovalel.ostlais@courrier.test
4403,Dudania,Havgren,dudania.havgren@exemple.org
4404,Katarel,Wenkan,katarel.wenkan25@courrier.test
4405,Setelel,Tordal,setelel.tordal@exemple.org
4406,Eldani,Ravmer,eldani.ravmer@exemple.org
4407,Naborin,Falvane,naborin.falvane@courrier.test
4408,Selonel,Tardis,selonel.tardis@courrier.test
4409,Kareli,Rosvane,kareli.rosvane@exemple.org
4410,Yutelo,Rosdis,yutelo.rosdis@courrier.test
4411,Rikenea,Falnet,rikenea.falnet95@exemple.org
4412,Makenan,Dordis,makenan.dordis@courrier.test
4413,Mimono,Kelver,mimono.kelver@mail.example
4414,Mitare,Tarrand,mitare.tarrand@courrier.test
4415,Fegarin,Lankan,fegarin.lankan@exemple.org
4416,Sodaro,Falver,sodaro.falver@exemple.org
4417,Madare,Kelbel,madare.kelbel@courrier.test
4418,Dugarea,Sormer,dugarea.sormer72@courrier.test
4419,Rirelo,Wengren,rirelo.wengren@courrier.test
4420,Tamare,Galsen,tamare.galsen@mail.example
4421,Veboria,Perkan,veboria.perkan@courrier.test
4422,Piveni,Permont,piveni.permont@courrier.test
4423,Fegaru,Ostmont,fegaru.ostmont@courrier.test
4424,Rigaria,Corlin,rigaria.corlin@courrier.test
4425,Sevalel,Wenbel,sevalel.wenbel11@mail.example
4426,Minori,Nevdis,minori.nevdis@courrier.test
4427,Elsolu,Torlais,elsolu.torlais@courrier.test
4428,Riborel,Perbel,riborel.perbel@mail.example
4429,Arliso,Perlin,arliso.perlin@exemple.org
4430,Arnorel,Brentier,arnorel.brentier@mail.example
4431,Durelo,Nevvane,durelo.nevvane@exemple.org
4432,Venori,Nevner,venori.nevner65@courrier.test
4433,Milise,Nevdal,milise.nevdal@exemple.org
4434,Tatare,Brenvane,tatare.brenvane@mail.example
4435,Ordarea,Permont,ordarea.permont@courrier.test
4436,Eltaran,Nevdal,eltaran.nevdal@exemple.org
4437,Batelo,Wenkan,batelo.wenkan@exemple.org
4438,Dudarin,Persen,dudarin.persen@courrier.test
4439,Sevenea,Wenbert,sevenea.wenbert58@exemple.org
4440,Malonu,Permont,malonu.permont@exemple.org
4441,Mitara,Dornet,mitara.dornet@exemple.org
4442,Lovinan,Galsac,lovinan.galsac@courrier.test
4443,Arlisu,Ostsac,arlisu.ostsac@mail.example
4444,Junele,Valdal,junele.valdal@mail.example
4445,Badare,Perkan,badare.perkan@exemple.org
4446,Dunoran,Galver,dunoran.galver34@courrier.test
4447,Lorelea,Galrand,lorelea.galrand@exemple.org
4448,Zogare,Tortier,zogare.tortier@mail.example
4449,Lonelu,Lanmont,lonelu.lanmont@exemple.org
4450,Jumoni,Ostlais,jumoni.ostlais@exemple.org
4451,Nalisi,Brenvoir,nalisi.brenvoir@mail.example
4452,Sevinan,Dordis,sevinan.dordis@exemple.org
4453,Arnoru,Rosrand,arnoru.rosrand89@courrier.test
4454,Mamone,Valkan,mamone.valkan@exemple.org
4455,Pidari,Falgren,pidari.falgren@courrier.test
4456,Vedanan,Kelvoir,vedanan.kelvoir@exemple.org
4457,Riseni,Dunlin,riseni.dunlin@exemple.org
4458,Minora,Sorsac,minora.sorsac@mail.example
4459,Manoro,Ravver,manoro.ravver@exemple.org
4460,Ardaru,Wenlin,ardaru.wenlin24@exemple.org
4461,Sovenea,Dunbert,sovenea.dunbert@exemple.org
4462,Arnorea,Tarbel,arnorea.tarbel@exemple.org
4463,Elgari,Nevner,elgari.nevner@exemple.org
4464,Orrisea,Lanver,orrisea.lanver@exemple.org
4465,Zomonea,Torgren,zomonea.torgren@mail.example
4466,Ortelea,Keldis,ortelea.keldis@mail.example
4467,Piborin,Monver,piborin.monver94@exemple.org
4468,Fevalea,Tarbel,fevalea.tarbel@exemple.org
4469,Zorelel,Tarmar,zorelel.tarmar@mail.example
4470,Sorisea,Monmer,sorisea.monmer@exemple.org
4471,Mimaria,Dorsen,mimaria.dorsen@courrier.test
4472,Fedane,Ostkan,fedane.ostkan@exemple.org
4473,Taseno,Ostlais,taseno.ostlais@exemple.org
4474,Fekenin,Tarlin,fekenin.tarlin40@exemple.org
4475,Bavenin,Lanbel,bavenin.lanbel@exemple.org
4476,Venela,Cortier,venela.cortier@mail.example
4477,Rimari,Tarmer,rimari.tarmer@exemple.org
4478,Jugarel,Rossac,jugarel.rossac@exemple.org
4479,Senorea,Havgren,senorea.havgren@exemple.org
4480,Zokenea,Dorver,zokenea.dorver@courrier.test
4481,Pitarea,Torrand,pitarea.torrand9@mail.example
4482,Segaru,Ravner,segaru.ravner@mail.example
4483,Verisa,Vallais,verisa.vallais@exemple.org
4484,Fetelel,Dunlais,fetelel.dunlais@mail.example
4485,Nagaro,Sormer,nagaro.sormer@mail.example
4486,Jubore,Dunmar,jubore.dunmar@exemple.org
4487,Arrisin,Nevmar,arrisin.nevmar@mail.example
4488,Naborin,Brenvoir,naborin.brenvoir75@exemple.org
4489,Bavalel,Torlin,bavalel.torlin@exemple.org
4490,Pivenia,Havnet,pivenia.havnet@exemple.org
4491,Artari,Sormar,artari.sormar@exemple.org
4492,Sebore,Tardis,sebore.tardis@exemple.org
4493,Elvine,Nevsac,elvine.nevsac@exemple.org
4494,Losenia,Valgren,losenia.valgren@courrier.test
4495,Zodara,Brendal,zodara.brendal52@exemple.org
4496,Seloni,Dorlais,seloni.dorlais@exemple.org
4497,Nakenea,Sormar,nakenea.sormar@mail.example
4498,Velona,Dundis,velona.dundis@courrier.test
4499,Makena,Havbert,makena.havbert@mail.example
4500,Pidanu,Gallais,pidanu.gallais@mail.example
4501,Vedanel,Rosdal,vedanel.rosdal@courrier.test
4502,Yukene,Monrand,yukene.monrand55@courrier.test
4503,Elkeno,Falkan,elkeno.falkan@mail.example
4504,Fekena,Sorgren,fekena.sorgren@mail.example
4505,Basene,Tormont,basene.tormont@courrier.test
4506,Tamonin,Cormont,tamonin.cormont@exemple.org
4507,Arrisan,Brenner,arrisan.brenner@mail.example
4508,Rikeno,Tardal,rikeno.tardal@mail.example
4509,Pivalea,Ravkan,pivalea.ravkan48@exemple.org
4510,Eldari,Rosdal,eldari.rosdal@mail.example
4511,Venelia,Havdis,venelia.havdis@exemple.org
4512,Lovena,Ravlais,lovena.ravlais@exemple.org
4513,Arsenel,Torrand,arsenel.torrand@exemple.org
4514,Pivini,Dortier,pivini.dortier@exemple.org
4515,Madaro,Galbert,madaro.galbert@exemple.org
4516,Seseno,Brendal,seseno.brendal86@courrier.test
4517,Yulono,Sorlin,yulono.sorlin@exemple.org
4518,Mibore,Galvoir,mibore.galvoir@courrier.test
4519,Mamone,Lanvane,mamone.lanvane@exemple.org
4520,Vereli,Corvane,vereli.corvane@courrier.test
4521,Lonelu,Valmont,lonelu.valmont@exemple.org
4522,Orvini,Kelmer,orvini.kelmer@exemple.org
4523,Zovalea,Brenmer,zovalea.brenmer33@mail.example
4524,Ordanan,Tarlin,ordanan.tarlin@mail.example
4525,Rivenan,Dunbel,rivenan.dunbel@exemple.org
4526,Elloni,Wensen,elloni.wensen@exemple.org
4527,Balisa,Nevbel,balisa.nevbel@exemple.org
4528,Sovenan,Tarrand,sovenan.tarrand@exemple.org
4529,Senoru,Wendis,senoru.wendis@exemple.org
4530,Orlona,Rosmar,orlona.rosmar44@courrier.test
4531,Dugaru,Wennet,dugaru.wennet@mail.example
4532,Rivenan,Perkan,rivenan.perkan@courrier.test
4533,Tagaria,Kelvoir,tagaria.kelvoir@exemple.org
4534,Yuboria,Galver,yuboria.galver@exemple.org
4535,Sevinel,Ostmer,sevinel.ostmer@courrier.test
4536,Yulonia,Torver,yulonia.torver@exemple.org
4537,Sosenu,Corkan,sosenu.corkan46@exemple.org
4538,Zolise,Ostlais,zolise.ostlais@exemple.org
4539,Zogara,Rosdal,zogara.rosdal@exemple.org
4540,Jugaria,Brentier,jugaria.brentier@mail.example
4541,Zodaro,Ostsen,zodaro.ostsen@exemple.org
4542,Zosolea,Tarmer,zosolea.tarmer@exemple.org
4543,Badano,Mondal,badano.mondal@exemple.org
4544,Mitaran,Wenmont,mitaran.wenmont82@exemple.org
4545,Orsenin,Pervane,orsenin.pervane@courrier.test
4546,Ferisan,Galbel,ferisan.galbel@courrier.test
4547,Rivalo,Ostmer,rivalo.ostmer@mail.example
4548,Elkenel,Tormer,elkenel.tormer@mail.example
4549,Zorisea,Dorvane,zorisea.dorvane@exemple.org
4550,Pinele,Wenner,pinele.wenner@courrier.test
4551,Serelin,Havmont,serelin.havmont88@mail.example
4552,Yuboran,Rosbert,yuboran.rosbert@exemple.org
4553,Judania,Lanmont,judania.lanmont@courrier.test
4554,Pivinea,Fallin,pivinea.fallin@courrier.test
4555,Tanelia,Mondal,tanelia.mondal@mail.example
4556,Selisi,Dunvane,selisi.dunvane@mail.example
4557,Elrelin,Rosmer,elrelin.rosmer@exemple.org
4558,Pimarel,Rosvane,pimarel.rosvane65@courrier.test
4559,Pisenia,Rosmer,pisenia.rosmer@exemple.org
4560,Zoboru,Perbel,zoboru.perbel@mail.example
4561,Tarisel,Nevvoir,tarisel.nevvoir@mail.example
4562,Baveno,Corsen,baveno.corsen@mail.example
4563,Bagara,Ravbert,bagara.ravbert@courrier.test
4564,Loborin,Valbel,loborin.valbel@mail.example
4565,Junelia,Faldis,junelia.faldis69@mail.example
4566,Artare,Dundal,artare.dundal@exemple.org
4567,Banore,Monbert,banore.monbert@exemple.org
4568,Kavine,Kelsac,kavine.kelsac@exemple.org
4569,Velonan,Ravdal,velonan.ravdal@exemple.org
4570,Elvino,Ravvane,elvino.ravvane@exemple.org
4571,Setari,Torsac,setari.torsac@courrier.test
4572,Nalisel,Sorkan,nalisel.sorkan56@courrier.test
4573,Yulona,Tarner,yulona.tarner@exemple.org
4574,Zorele,Lanlin,zorele.lanlin@mail.example
4575,Balisin,Falvoir,balisin.falvoir@exemple.org
4576,Fedara,Pervane,fedara.pervane@exemple.org
4577,Tasola,Galmont,tasola.galmont@exemple.org
4578,Sonore,Pervane,sonore.pervane@mail.example
4579,Zotaran,Sordis,zotaran.sordis40@exemple.org
4580,Nadane,Osttier,nadane.osttier@mail.example
4581,Yubori,Dunbert,yubori.dunbert@exemple.org
4582,Elvenea,Dorsac,elvenea.dorsac@exemple.org
4583,Sekenu,Lanbel,sekenu.lanbel@mail.example
4584,Rikenan,Dundal,rikenan.dundal@exemple.org
4585,Seseni,Havtier,seseni.havtier@exemple.org
4586,Ribori,Havvane,ribori.havvane30@exemple.org
4587,Somari,Sorkan,somari.sorkan@exemple.org
4588,Nanoria,Havdis,nanoria.havdis@mail.example
4589,Lotarel,Dunmer,lotarel.dunmer@courrier.test
4590,Loborel,Valdis,loborel.valdis@mail.example
4591,Zosenin,Valgren,zosenin.valgren@exemple.org
4592,Navalia,Ravlais,navalia.ravlais@exemple.org
4593,Judare,Tarlais,judare.tarlais22@courrier.test
4594,Midana,Tardal,midana.tardal@courrier.test
4595,Juriso,Sorner,juriso.sorner@courrier.test
4596,Fenore,Tarmar,fenore.tarmar@courrier.test
4597,Minelan,Sordis,minelan.sordis@exemple.org
4598,Selone,Ostvoir,selone.ostvoir@exemple.org
4599,Ordanu,Tarvoir,ordanu.tarvoir@exemple.org
4600,Duboro,Sorvane,duboro.sorvane78@courrier.test
4601,Pisoli,Kelnet,pisoli.kelnet@mail.example
4602,Zoveni,Brendal,zoveni.brendal@exemple.org
4603,Karelia,Perver,karelia.perver@courrier.test
4604,Arrelea,Dunver,arrelea.dunver@exemple.org
4605,Kakenia,Galgren,kakenia.galgren@mail.example
4606,Arvalu,Ostrand,arvalu.ostrand@exemple.org
4607,Zomona,Ostmont,zomona.ostmont66@courrier.test
4608,Lodanea,Sorgren,lodanea.sorgren@mail.example
4609,Velisia,Falmer,velisia.falmer@exemple.org
4610,Orgara,Galrand,orgara.galrand@courrier.test
4611,Lorisel,Wendal,lorisel.wendal@courrier.test
4612,Juriso,Cormar,juriso.cormar@exemple.org
4613,Banelan,Wenrand,banelan.wenrand@exemple.org
4614,Argara,Lanbert,argara.lanbert11@courrier.test
4615,Kadani,Pervoir,kadani.pervoir@courrier.test
4616,Orsenin,Nevvane,orsenin.nevvane@courrier.test
4617,Zodaru,Valdal,zodaru.valdal@exemple.org
4618,Fegarea,Sorsen,fegarea.sorsen@exemple.org
4619,Zosene,Falmer,zosene.falmer@courrier.test
4620,Matele,Torbert,matele.torbert@exemple.org
4621,Selonel,Ravsac,selonel.ravsac58@courrier.test
4622,Armarea,Cormar,armarea.cormar@mail.example
4623,Sosenel,Corsac,sosenel.corsac@exemple.org
4624,Rigarin,Monsac,rigarin.monsac@courrier.test
4625,Nasolan,Ostvane,nasolan.ostvane@courrier.test
4626,Talonin,Wengren,talonin.wengren@mail.example
4627,Sokenia,Tarmont,sokenia.tarmont@courrier.test
4628,Orrelin,Lanner,orrelin.lanner46@mail.example
4629,Zokeno,Falmont,zokeno.falmont@exemple.org
4630,Orborea,Wenlin,orborea.wenlin@exemple.org
4631,Lokenan,Wenlais,lokenan.wenlais@exemple.org
4632,Tadanel,Sormer,tadanel.sormer@courrier.test
4633,Sorelan,Falbel,sorelan.falbel@exemple.org
4634,Pimono,Nevmer,pimono.nevmer@exemple.org
4635,Dugaran,Sormer,dugaran.sormer44@mail.example
4636,Zotelin,Permer,zotelin.permer@mail.example
4637,Matarin,Tarsen,matarin.tarsen@exemple.org
4638,Pidano,Brenmer,pidano.brenmer@exemple.org
4639,Somone,Brenmer,somone.brenmer@mail.example
4640,Kavinea,Tarkan,kavinea.tarkan@exemple.org
4641,Artelia,Perbel,artelia.perbel@exemple.org
4642,Sedanel,Dunver,sedanel.dunver2@exemple.org
4643,Ornelo,Ravmar,ornelo.ravmar@mail.example
4644,Fedanea,Tarnet,fedanea.tarnet@courrier.test
4645,Semone,Tormer,semone.tormer@exemple.org
4646,Ordane,Dunver,ordane.dunver@courrier.test
4647,Elnore,Valbert,elnore.valbert@courrier.test
4648,Dubore,Dormer,dubore.dormer@courrier.test
4649,Maseni,Corrand,maseni.corrand61@exemple.org
4650,Tavinu,Ravmont,tavinu.ravmont@exemple.org
4651,Zokeno,Nevmer,zokeno.nevmer@exemple.org
4652,Semare,Tartier,semare.tartier@exemple.org
4653,Orsenia,Galdal,orsenia.galdal@exemple.org
4654,Venelel,Havdal,venelel.havdal@exemple.org
4655,Ortarea,Tordis,ortarea.tordis@courrier.test
4656,Elrisa,Tarnet,elrisa.tarnet43@courrier.test
4657,Judanel,Ravsen,judanel.ravsen@exemple.org
4658,Jurisia,Dungren,jurisia.dungren@courrier.test
4659,Naseno,Dunsen,naseno.dunsen@mail.example
4660,Nasoli,Torsac,nasoli.torsac@mail.example
4661,Somari,Ravrand,somari.ravrand@courrier.test
4662,Zovala,Havver,zovala.havver@exemple.org
4663,Orvena,Valsac,orvena.valsac59@exemple.org
4664,Nataria,Tarmont,nataria.tarmont@mail.example
4665,Durisea,Dorbel,durisea.dorbel@exemple.org
4666,Pidanel,Tordis,pidanel.tordis@mail.example
4667,Pilonel,Dorlin,pilonel.dorlin@exemple.org
4668,Sotele,Wenbel,sotele.wenbel@exemple.org
4669,Yudari,Dorsen,yudari.dorsen@exemple.org
4670,Soboran,Galkan,soboran.galkan2@exemple.org
4671,Badara,Cormar,badara.cormar@exemple.org
4672,Talonan,Valkan,talonan.valkan@exemple.org
4673,Yuvine,Valrand,yuvine.valrand@courrier.test
4674,Ortelan,Perdal,ortelan.perdal@courrier.test
4675,Pidanea,Kelsac,pidanea.kelsac@exemple.org
4676,Arvinan,Ostmer,arvinan.ostmer@exemple.org
4677,Pidanan,Falvoir,pidanan.falvoir7@exemple.org
4678,Marisel,Ostsac,marisel.ostsac@courrier.test
4679,Tatarin,Torsac,tatarin.torsac@exemple.org
4680,Arrelel,Monvoir,arrelel.monvoir@exemple.org
4681,Navala,Tarvoir,navala.tarvoir@exemple.org
4682,Arlono,Brenvane,arlono.brenvane@courrier.test
4683,Zolonea,Dorkan,zolonea.dorkan@exemple.org
4684,Balonea,Dorlin,balonea.dorlin16@courrier.test
4685,Orsolin,Nevmar,orsolin.nevmar@courrier.test
4686,Pisenan,Faldal,pisenan.faldal@courrier.test
4687,Elvine,Galdal,elvine.galdal@exemple.org
4688,Sovali,Ostrand,sovali.ostrand@exemple.org
4689,Feveno,Monbel,feveno.monbel@courrier.test
4690,Arvenin,Dorvane,arvenin.dorvane@exemple.org
4691,Misolia,Corvane,misolia.corvane84@mail.example
4692,Sotelea,Ostbel,sotelea.ostbel@courrier.test
4693,Basolo,Wensac,basolo.wensac@courrier.test
4694,Vesolin,Dorver,vesolin.dorver@courrier.test
4695,Minorel,Nevmar,minorel.nevmar@exemple.org
4696,Nakenan,Permar,nakenan.permar@mail.example
4697,Eltelia,Nevsac,eltelia.nevsac@mail.example
4698,Sogari,Monkan,sogari.monkan14@courrier.test
4699,Lovinu,Lanlin,lovinu.lanlin@mail.example
4700,Elrelan,Wenver,elrelan.wenver@courrier.test
4701,Loborel,Wennet,loborel.wennet@exemple.org
4702,Dugaran,Rosbel,dugaran.rosbel@courrier.test
4703,Solisi,Dorsac,solisi.dorsac@exemple.org
4704,Tadane,Galvoir,tadane.galvoir@courrier.test
4705,Fedano,Dormar,fedano.dormar90@courrier.test
4706,Sevalu,Ostbert,sevalu.ostbert@courrier.test
4707,Juvenan,Rosmont,juvenan.rosmont@mail.example
4708,Malonan,Galtier,malonan.galtier@exemple.org
4709,Pilone,Kellin,pilone.kellin@courrier.test
4710,Lovinu,Galver,lovinu.galver@courrier.test
4711,Marelan,Wennet,marelan.wennet@exemple.org
4712,Junoran,Dorvane,junoran.dorvane5@courrier.test
4713,Senela,Monner,senela.monner@mail.example
4714,Elliso,Galner,elliso.galner@exemple.org
4715,Orrisea,Kelkan,orrisea.kelkan@mail.example
4716,Tagaran,Dorlin,tagaran.dorlin@mail.example
4717,Ritele,Monvoir,ritele.monvoir@courrier.test
4718,Dulonel,Torner,dulonel.torner@exemple.org
4719,Kavalel,Falmar,kavalel.falmar84@exemple.org
4720,Zomarin,Havkan,zomarin.havkan@exemple.org
4721,Pivene,Dormar,pivene.dormar@courrier.test
4722,Sedaro,Roslin,sedaro.roslin@courrier.test
4723,Selisu,Ravsen,selisu.ravsen@exemple.org
4724,Solonan,Falbert,solonan.falbert@exemple.org
4725,Lovalin,Falmer,lovalin.falmer@exemple.org
4726,Orvalan,Sornet,orvalan.sornet65@mail.example
4727,Artelo,Valvoir,artelo.valvoir@mail.example
4728,Pimonu,Havnet,pimonu.havnet@exemple.org
4729,Vetaro,Ostlais,vetaro.ostlais@mail.example
4730,Sodaran,Nevtier,sodaran.nevtier@exemple.org
4731,Kalisa,Galver,kalisa.galver@exemple.org
4732,Minelia,Monnet,minelia.monnet@mail.example
4733,Sosolin,Valver,sosolin.valver1@courrier.test
4734,Venorel,Dunsen,venorel.dunsen@exemple.org
4735,Dumonea,Galver,dumonea.galver@courrier.test
4736,Tanela,Corner,tanela.corner@courrier.test
4737,Elgarea,Dunsac,elgarea.dunsac@exemple.org
4738,Orkenel,Havbert,orkenel.havbert@mail.example
4739,Arrelan,Roslin,arrelan.roslin@exemple.org
4740,Duvenu,Nevbert,duvenu.nevbert8@exemple.org
4741,Zomara,Tardis,zomara.tardis@courrier.test
4742,Sorelea,Keldal,sorelea.keldal@courrier.test
4743,Zonorel,Ravner,zonorel.ravner@mail.example
4744,Nalisel,Gallais,nalisel.gallais@courrier.test
4745,Fegaro,Galdal,fegaro.galdal@exemple.org
4746,Zokenu,Dortier,zokenu.dortier@exemple.org
4747,Minele,Kelsac,minele.kelsac2@courrier.test
4748,Elvalan,Cornet,elvalan.cornet@mail.example
4749,Maliso,Sorkan,maliso.sorkan@exemple.org
4750,Vesenia,Ostkan,vesenia.ostkan@mail.example
4751,Juvali,Galmont,juvali.galmont@courrier.test
4752,Pivenea,Valtier,pivenea.valtier@courrier.test
4753,Nanoria,Permer,nanoria.permer@mail.example
4754,Duvino,Wengren,duvino.wengren52@exemple.org
4755,Dusolel,Ostbert,dusolel.ostbert@mail.example
4756,Minoran,Dunbel,minoran.dunbel@exemple.org
4757,Arvinel,Havtier,arvinel.havtier@exemple.org
4758,Ornele,Dunlin,ornele.dunlin@courrier.test
4759,Serisia,Torgren,serisia.torgren@courrier.test
4760,Minelin,Sordis,minelin.sordis@exemple.org
4761,Eldani,Wenlais,eldani.wenlais19@exemple.org
4762,Kakeno,Lanmar,kakeno.lanmar@exemple.org
4763,Rikenan,Kelnet,rikenan.kelnet@exemple.org
4764,Zovinel,Dunbert,zovinel.dunbert@exemple.org
4765,Nataria,Ravmer,nataria.ravmer@courrier.test
4766,Yuvalia,Torbel,yuvalia.torbel@exemple.org
4767,Dulonu,Corsac,dulonu.corsac@courrier.test
4768,Pilonea,Dorgren,pilonea.dorgren87@courrier.test
4769,Sesole,Brenmar,sesole.brenmar@exemple.org
4770,Masenu,Ostvoir,masenu.ostvoir@mail.example
4771,Pivinel,Nevrand,pivinel.nevrand@exemple.org
4772,Ormarel,Falrand,ormarel.falrand@mail.example
4773,Vesole,Ostlais,vesole.ostlais@courrier.test
4774,Duboru,Corver,duboru.corver@exemple.org
4775,Sevine,Rosmer,sevine.rosmer68@courrier.test
4776,Riboria,Rosdal,riboria.rosdal@exemple.org
4777,Elvinu,Tarnet,elvinu.tarnet@courrier.test
4778,Artelea,Ostmer,artelea.ostmer@exemple.org
4779,Rikenin,Ravver,rikenin.ravver@mail.example
4780,Jusolel,Ostrand,jusolel.ostrand@exemple.org
4781,Ellona,Persen,ellona.persen@exemple.org
4782,Rikene,Monmont,rikene.monmont13@exemple.org
4783,Rivenea,Kellin,rivenea.kellin@courrier.test
4784,Yunelu,Tornet,yunelu.tornet@mail.example
4785,Lomono,Ravbel,lomono.ravbel@exemple.org
4786,Arlisea,Valnet,arlisea.valnet@exemple.org
4787,Juvenia,Rosvoir,juvenia.rosvoir@mail.example
4788,Arreli,Sormer,arreli.sormer@exemple.org
4789,Mimonin,Nevsen,mimonin.nevsen50@courrier.test
4790,Miseno,Perlin,miseno.perlin@courrier.test
4791,Navalo,Dunsen,navalo.dunsen@exemple.org
4792,Tarisan,Galdal,tarisan.galdal@mail.example
4793,Minorea,Havvane,minorea.havvane@mail.example
4794,Venorin,Lanlin,venorin.lanlin@mail.example
4795,Orrise,Wenmer,orrise.wenmer@exemple.org
4796,Yumonin,Cormer,yumonin.cormer84@courrier.test
4797,Pidara,Galsac,pidara.galsac@exemple.org
4798,Rimarel,Ostmar,rimarel.ostmar@courrier.test
4799,Duloni,Dormar,duloni.dormar@exemple.org
4800,Ferelu,Galvane,ferelu.galvane@exemple.org
4801,Vetelia,Cortier,vetelia.cortier@mail.example
4802,Juvalea,Rossen,juvalea.rossen@exemple.org
4803,Judara,Ravner,judara.ravner48@courrier.test
4804,Mivinu,Kelver,mivinu.kelver@courrier.test
4805,Mimarin,Ostver,mimarin.ostver@exemple.org
4806,Eldana,Monver,eldana.monver@exemple.org
4807,Orkenia,Dundis,orkenia.dundis@courrier.test
4808,Fedania,Monmont,fedania.monmont@exemple.org
4809,Rikenan,Falsac,rikenan.falsac@courrier.test
4810,Julisin,Ostkan,julisin.ostkan42@exemple.org
4811,Junoru,Wenbel,junoru.wenbel@exemple.org
4812,Taborea,Valner,taborea.valner@exemple.org
4813,Bagarea,Tarbel,bagarea.tarbel@exemple.org
4814,Rilone,Torsac,rilone.torsac@exemple.org
4815,Ormonin,Brenbert,ormonin.brenbert@mail.example
4816,Lotaran,Dunlais,lotaran.dunlais@exemple.org
4817,Pitelin,Brenlais,pitelin.brenlais61@exemple.org
4818,Vedanea,Tarlin,vedanea.tarlin@courrier.test
4819,Kabori,Brengren,kabori.brengren@exemple.org
4820,Lorisu,Sorsac,lorisu.sorsac@exemple.org
4821,Barisea,Perkan,barisea.perkan@mail.example
4822,Risolo,Dundal,risolo.dundal@courrier.test
4823,Nadara,Nevtier,nadara.nevtier@courrier.test
4824,Arsenin,Lanlin,arsenin.lanlin94@mail.example
4825,Durisan,Tarmer,durisan.tarmer@mail.example
4826,Vebora,Tartier,vebora.tartier@mail.example
4827,Rilonia,Torsac,rilonia.torsac@exemple.org
4828,Rigaru,Lanrand,rigaru.lanrand@exemple.org
4829,Kadanel,Sordal,kadanel.sordal@courrier.test
4830,Dutaria,Rosver,dutaria.rosver@courrier.test
4831,Judara,Wentier,judara.wentier49@courrier.test
4832,Kabore,Wenlin,kabore.wenlin@courrier.test
4833,Tadanel,Tarver,tadanel.tarver@exemple.org
4834,Arnorin,Ostbert,arnorin.ostbert@mail.example
4835,Rirelo,Lantier,rirelo.lantier@exemple.org
4836,Venora,Dundis,venora.dundis@exemple.org
4837,Bavena,Ravdis,bavena.ravdis@exemple.org
4838,Rivinia,Havdal,rivinia.havdal45@courrier.test
4839,Orvinel,Falsac,orvinel.falsac@exemple.org
4840,Sorisa,Sortier,sorisa.sortier@exemple.org
4841,Zolonea,Dungren,zolonea.dungren@courrier.test
4842,Yudana,Dorsac,yudana.dorsac@courrier.test
4843,Venelea,Dortier,venelea.dortier@mail.example
4844,Logara,Wenbert,logara.wenbert@exemple.org
4845,Basole,Nevsen,basole.nevsen96@courrier.test
4846,Elsene,Keltier,elsene.keltier@mail.example
4847,Orgaria,Galrand,orgaria.galrand@courrier.test
4848,Bamaran,Persen,bamaran.persen@courrier.test
4849,Jutelia,Rosdal,jutelia.rosdal@courrier.test
4850,Riborea,Cordal,riborea.cordal@exemple.org
4851,Orvalel,Brenlin,orvalel.brenlin@exemple.org
4852,Mineli,Galbert,mineli.galbert16@exemple.org
4853,Sesoli,Torsac,sesoli.torsac@mail.example
4854,Verisa,Brenkan,verisa.brenkan@mail.example
4855,Sovalu,Dunner,sovalu.dunner@exemple.org
4856,Pinelel,Galvane,pinelel.galvane@exemple.org
4857,Bagaru,Kelner,bagaru.kelner@mail.example
4858,Arvinan,Kelrand,arvinan.kelrand@mail.example
4859,Milonan,Torlais,milonan.torlais20@courrier.test
4860,Lodane,Torvoir,lodane.torvoir@mail.example
4861,Rilisa,Roslais,rilisa.roslais@mail.example
4862,Migaru,Dormar,migaru.dormar@exemple.org
4863,Senelel,Valdis,senelel.valdis@courrier.test
4864,Yusoli,Vallais,yusoli.vallais@courrier.test
4865,Kabora,Kelrand,kabora.kelrand@courrier.test
4866,Pigaran,Kelsac,pigaran.kelsac77@exemple.org
4867,Soboru,Kelmer,soboru.kelmer@courrier.test
4868,Tamonin,Dunver,tamonin.dunver@exemple.org
4869,Kanora,Tardis,kanora.tardis@exemple.org
4870,Arrelea,Vallin,arrelea.vallin@courrier.test
4871,Orvina,Permar,orvina.permar@courrier.test
4872,Barisel,Wenvane,barisel.wenvane@exemple.org
4873,Bavini,Ravsac,bavini.ravsac72@courrier.test
4874,Tavenan,Pernet,tavenan.pernet@exemple.org
4875,Orlisa,Brengren,orlisa.brengren@mail.example
4876,Lomonia,Monrand,lomonia.monrand@courrier.test
4877,Duboro,Wenrand,duboro.wenrand@courrier.test
4878,Arriso,Cormont,arriso.cormont@exemple.org
4879,Lorelu,Cormar,lorelu.cormar@exemple.org
4880,Vegaru,Persen,vegaru.persen84@courrier.test
4881,Mimarin,Dunkan,mimarin.dunkan@exemple.org
4882,Jusolin,Brenvane,jusolin.brenvane@courrier.test
4883,Fetare,Torsac,fetare.torsac@courrier.test
4884,Mivalan,Rossen,mivalan.rossen@exemple.org
4885,Junele,Kelbel,junele.kelbel@exemple.org
4886,Karelia,Wenlais,karelia.wenlais@exemple.org
4887,Arbore,Dunrand,arbore.dunrand62@exemple.org
4888,Mivenan,Nevlais,mivenan.nevlais@exemple.org
4889,Sekeno,Torsen,sekeno.torsen@exemple.org
4890,Arborea,Vallin,arborea.vallin@courrier.test
4891,Manorea,Nevdis,manorea.nevdis@exemple.org
4892,Artelo,Nevkan,artelo.nevkan@courrier.test
4893,Arvenel,Havvane,arvenel.havvane@mail.example
4894,Fetaria,Dundal,fetaria.dundal15@courrier.test
4895,Dudanu,Dorkan,dudanu.dorkan@exemple.org
4896,Lovenu,Corgren,lovenu.corgren@exemple.org
4897,Tatarin,Kelbert,tatarin.kelbert@exemple.org
4898,Selisea,Ostbert,selisea.ostbert@mail.example
4899,Yunelea,Monner,yunelea.monner@exemple.org
4900,Tavenea,Monver,tavenea.monver@exemple.org
4901,Julisi,Havlin,julisi.havlin21@exemple.org
4902,Pinele,Kelner,pinele.kelner@exemple.org
4903,Tamarea,Tarvoir,tamarea.tarvoir@exemple.org
4904,Vemonia,Galdis,vemonia.galdis@mail.example
4905,Orvalin,Rosdis,orvalin.rosdis@courrier.test
4906,Matelia,Lansac,matelia.lansac@courrier.test
4907,Yumaran,Rosvane,yumaran.rosvane@exemple.org
4908,Dukena,Ostbert,dukena.ostbert76@exemple.org
4909,Orgarel,Havdal,orgarel.havdal@exemple.org
4910,Nanela,Ostsen,nanela.ostsen@courrier.test
4911,Pirelan,Brenvoir,pirelan.brenvoir@exemple.org
4912,Felonan,Lantier,felonan.lantier@exemple.org
4913,Serisin,Monver,serisin.monver@mail.example
4914,Jurelan,Tarvoir,jurelan.tarvoir@exemple.org
4915,Banelan,Valvoir,banelan.valvoir1@exemple.org
4916,Arveno,Falrand,arveno.falrand@exemple.org
4917,Tasenia,Dunlais,tasenia.dunlais@exemple.org
4918,Ornoran,Tarlais,ornoran.tarlais@exemple.org
4919,Duboran,Sorgren,duboran.sorgren@exemple.org
4920,Tamono,Brennet,tamono.brennet@exemple.org
4921,Arvenin,Dunver,arvenin.dunver@exemple.org
4922,Lotelel,Nevbert,lotelel.nevbert2@courrier.test
4923,Sevino,Ostvane,sevino.ostvane@courrier.test
4924,Arborin,Nevkan,arborin.nevkan@exemple.org
4925,Venoran,Dunrand,venoran.dunrand@mail.example
4926,Zogaran,Sorvoir,zogaran.sorvoir@mail.example
4927,Fesoli,Nevdis,fesoli.nevdis@exemple.org
4928,Duvinu,Dunver,duvinu.dunver@exemple.org
4929,Elrisea,Tormar,elrisea.tormar28@mail.example
4930,Elmaria,Havtier,elmaria.havtier@courrier.test
4931,Malona,Dunvane,malona.dunvane@exemple.org
4932,Fedanu,Ostmar,fedanu.ostmar@exemple.org
4933,Zoriso,Dunlais,zoriso.dunlais@exemple.org
4934,Jurise,Dunbert,jurise.dunbert@exemple.org
4935,Basolan,Ravver,basolan.ravver@exemple.org
4936,Sevali,Valbel,sevali.valbel78@mail.example
4937,Rimono,Galvoir,rimono.galvoir@courrier.test
4938,Eldania,Persen,eldania.persen@mail.example
4939,Naboro,Torlais,naboro.torlais@mail.example
4940,Somaria,Dundis,somaria.dundis@exemple.org
4941,Madaro,Perdis,madaro.perdis@exemple.org
4942,Ridari,Monrand,ridari.monrand@courrier.test
4943,Bagara,Kelmar,bagara.kelmar5@exemple.org
4944,Pimarin,Persen,pimarin.persen@courrier.test
4945,Balonu,Falkan,balonu.falkan@courrier.test
4946,Ornore,Nevsen,ornore.nevsen@courrier.test
4947,Feveno,Valbel,feveno.valbel@exemple.org
4948,Tamaria,Keldal,tamaria.keldal@mail.example
4949,Arkenia,Galnet,arkenia.galnet@exemple.org
4950,Marela,Sorver,marela.sorver1@courrier.test
4951,Elborin,Galdal,elborin.galdal@exemple.org
4952,Taliso,Ravsac,taliso.ravsac@courrier.test
4953,Dutelan,Ostrand,dutelan.ostrand@courrier.test
4954,Risenea,Havbel,risenea.havbel@courrier.test
4955,Pinelin,Osttier,pinelin.osttier@mail.example
4956,Matelin,Monver,matelin.monver@exemple.org
4957,Ortaran,Monkan,ortaran.monkan54@exemple.org
4958,Midanin,Ostgren,midanin.ostgren@exemple.org
4959,Lomone,Kellin,lomone.kellin@exemple.org
4960,Ornore,Keltier,ornore.keltier@exemple.org
4961,Manore,Perdis,manore.perdis@exemple.org
4962,Narelan,Lanvoir,narelan.lanvoir@courrier.test
4963,Ritara,Corlin,ritara.corlin@courrier.test
4964,Rigare,Rosgren,rigare.rosgren80@mail.example
4965,Yulisia,Lanvoir,yulisia.lanvoir@courrier.test
4966,Judana,Tarvane,judana.tarvane@exemple.org
4967,Segaran,Dorsen,segaran.dorsen@courrier.test
4968,Pidanel,Lanlin,pidanel.lanlin@exemple.org
4969,Kasenea,Valnet,kasenea.valnet@courrier.test
4970,Piboro,Kelmont,piboro.kelmont@exemple.org
4971,Dusenea,Brenvoir,dusenea.brenvoir71@courrier.test
4972,Orsole,Ostlais,orsole.ostlais@exemple.org
4973,Jutela,Nevgren,jutela.nevgren@exemple.org
4974,Sodari,Tortier,sodari.tortier@exemple.org
4975,Mavale,Brenlin,mavale.brenlin@courrier.test
4976,Karisin,Dorbel,karisin.dorbel@exemple.org
4977,Mivalia,Brendal,mivalia.brendal@courrier.test
4978,Tanelo,Tarver,tanelo.tarver4@exemple.org
4979,Kamari,Havrand,kamari.havrand@mail.example
4980,Sevine,Nevvane,sevine.nevvane@exemple.org
4981,Orbore,Ravbert,orbore.ravbert@mail.example
4982,Pikenan,Havkan,pikenan.havkan@mail.example
4983,Navene,Nevdal,navene.nevdal@courrier.test
4984,Zonelel,Nevmar,zonelel.nevmar@exemple.org
4985,Yudarea,Dunlais,yudarea.dunlais12@exemple.org
4986,Bavenan,Ravdis,bavenan.ravdis@exemple.org
4987,Orrisi,Brenrand,orrisi.brenrand@courrier.test
4988,Judare,Ravtier,judare.ravtier@courrier.test
4989,Yuliso,Tarver,yuliso.tarver@mail.example
4990,Yumonea,Ostsac,yumonea.ostsac@courrier.test
4991,Ormare,Brennet,ormare.brennet@mail.example
4992,Madanan,Wendis,madanan.wendis39@exemple.org
4993,Elrelel,Dunnet,elrelel.dunnet@exemple.org
4994,Kavali,Corbert,kavali.corbert@courrier.test
4995,Zolisan,Dungren,zolisan.dungren@courrier.test
4996,Lorisia,Torvane,lorisia.torvane@exemple.org
4997,Makenia,Dorner,makenia.dorner@exemple.org
4998,Zolonan,Valrand,zolonan.valrand@exemple.org
4999,Vetarea,Wendal,vetarea.wendal5@exemple.org
5000,Solisan,Lansac,solisan.lansac@exemple.org
5001,Arseno,Tarsac,arseno.tarsac@courrier.test
5002,Tadare,Corvoir,tadare.corvoir@mail.example
5003,Elborin,Torbel,elborin.torbel@exemple.org
5004,Masolel,Lannet,masolel.lannet@exemple.org
5005,Tarelel,Brenmont,tarelel.brenmont@courrier.test
5006,Yudanan,Nevmar,yudanan.nevmar56@courrier.test
5007,Badaria,Dunbert,badaria.dunbert@exemple.org
5008,Kalonel,Sorgren,kalonel.sorgren@exemple.org
5009,Ririsi,Langren,ririsi.langren@mail.example
5010,Vetari,Nevver,vetari.nevver@mail.example
5011,Yureli,Havgren,yureli.havgren@exemple.org
5012,Ardanu,Havvoir,ardanu.havvoir@mail.example
5013,Fevinea,Permar,fevinea.permar14@exemple.org
5014,Elvinu,Havbert,elvinu.havbert@exemple.org
5015,Ritaru,Havmer,ritaru.havmer@courrier.test
5016,Pinelin,Sordal,pinelin.sordal@exemple.org
5017,Jumonin,Dorvoir,jumonin.dorvoir@exemple.org
5018,Pidare,Dorsen,pidare.dorsen@exemple.org
5019,Eldaru,Nevrand,eldaru.nevrand@mail.example
5020,Vedarea,Nevbel,vedarea.nevbel80@exemple.org
5021,Zosolu,Perdal,zosolu.perdal@exemple.org
5022,Lorisan,Perlais,lorisan.perlais@exemple.org
5023,Pitaro,Rosdis,pitaro.rosdis@exemple.org
5024,Ornelel,Sorgren,ornelel.sorgren@exemple.org
5025,Rimona,Torvoir,rimona.torvoir@mail.example
5026,Sovinan,Dunsac,sovinan.dunsac@exemple.org
5027,Mibore,Corvane,mibore.corvane4@mail.example
5028,Piveni,Falnet,piveni.falnet@exemple.org
5029,Mikeno,Brentier,mikeno.brentier@exemple.org
5030,Natarea,Havvoir,natarea.havvoir@mail.example
5031,Ormaru,Havmont,ormaru.havmont@exemple.org
5032,Duvinel,Wenver,duvinel.wenver@mail.example
5033,Tabori,Dortier,tabori.dortier@exemple.org
5034,Juborea,Falvoir,juborea.falvoir55@courrier.test
5035,Velise,Vallais,velise.vallais@mail.example
5036,Tatarea,Falsac,tatarea.falsac@mail.example
5037,Marise,Perdal,marise.perdal@exemple.org
5038,Migaria,Torbel,migaria.torbel@courrier.test
5039,Mavenel,Nevvane,mavenel.nevvane@mail.example
5040,Ormonia,Havrand,ormonia.havrand@exemple.org
5041,Yumari,Wenner,yumari.wenner33@exemple.org
5042,Matelel,Nevmont,matelel.nevmont@exemple.org
5043,Rinori,Sormont,rinori.sormont@courrier.test
5044,Ellisan,Kellais,ellisan.kellais@mail.example
5045,Rirele,Ravrand,rirele.ravrand@courrier.test
5046,Orvale,Dunmar,orvale.dunmar@exemple.org
5047,Orkenan,Tartier,orkenan.tartier@exemple.org
5048,Bamono,Langren,bamono.langren72@mail.example
5049,Verelu,Falbert,verelu.falbert@courrier.test
5050,Senelo,Rosvoir,senelo.rosvoir@mail.example
5051,Kamonan,Ostmar,kamonan.ostmar@exemple.org
5052,Elvalo,Ostmont,elvalo.ostmont@exemple.org
5053,Banelan,Perdal,banelan.perdal@exemple.org
5054,Ferisu,Galvoir,ferisu.galvoir@exemple.org
5055,Elrela,Valmar,elrela.valmar28@courrier.test
5056,Jurele,Rosner,jurele.rosner@mail.example
5057,Balonin,Landis,balonin.landis@exemple.org
5058,Madani,Nevbel,madani.nevbel@courrier.test
5059,Kagarea,Wenbel,kagarea.wenbel@exemple.org
5060,Dunelan,Monvane,dunelan.monvane@exemple.org
5061,Pimonel,Tormar,pimonel.tormar@exemple.org
5062,Dunelin,Cormer,dunelin.cormer79@mail.example
5063,Misola,Torsac,misola.torsac@exemple.org
5064,Sorisia,Tarsac,sorisia.tarsac@courrier.test
5065,Yutara,Monver,yutara.monver@exemple.org
5066,Katelia,Torlais,katelia.torlais@exemple.org
5067,Jurisea,Valbert,jurisea.valbert@mail.example
5068,Elnelo,Targren,elnelo.targren@exemple.org
5069,Pirisia,Dordis,pirisia.dordis22@courrier.test
5070,Kalisea,Rosnet,kalisea.rosnet@courrier.test
5071,Tatarea,Dorrand,tatarea.dorrand@mail.example
5072,Femaru,Torbert,femaru.torbert@exemple.org
5073,Fesola,Brenbert,fesola.brenbert@exemple.org
5074,Sevina,Ravlin,sevina.ravlin@exemple.org
5075,Yumone,Havdal,yumone.havdal@mail.example
5076,Barisu,Torrand,barisu.torrand43@exemple.org
5077,Sedanel,Lankan,sedanel.lankan@exemple.org
5078,Elvale,Brensac,elvale.brensac@exemple.org
5079,Sorise,Sorlais,sorise.sorlais@courrier.test
5080,Jutelu,Kelver,jutelu.kelver@mail.example
5081,Yusolu,Lansen,yusolu.lansen@exemple.org
5082,Serelu,Monkan,serelu.monkan@courrier.test
5083,Fedanu,Havnet,fedanu.havnet16@mail.example
5084,Dunelel,Havbert,dunelel.havbert@exemple.org
5085,Yurelin,Havlin,yurelin.havlin@mail.example
5086,Zosole,Havrand,zosole.havrand@courrier.test
5087,Elnori,Dorsac,elnori.dorsac@courrier.test
5088,Arsenia,Sorbert,arsenia.sorbert@exemple.org
5089,Senoria,Dorvane,senoria.dorvane@courrier.test
5090,Yudara,Ravsac,yudara.ravsac47@exemple.org
5091,Dumonan,Tarbert,dumonan.tarbert@courrier.test
5092,Midari,Rosdal,midari.rosdal@exemple.org
5093,Fenelel,Wenmar,fenelel.wenmar@courrier.test
5094,Arrela,Lanvane,arrela.lanvane@exemple.org
5095,Tamara,Dornet,tamara.dornet@exemple.org
5096,Riboria,Lansen,riboria.lansen@exemple.org
5097,Orvale,Tarmar,orvale.tarmar1@mail.example
5098,Migari,Nevmont,migari.nevmont@courrier.test
5099,Dumarea,Cornet,dumarea.cornet@exemple.org
5100,Orkenia,Dunsen,orkenia.dunsen@courrier.test
5101,Mirelea,Corner,mirelea.corner@exemple.org
5102,Fedania,Wenmer,fedania.wenmer@mail.example
5103,Magarel,Torkan,magarel.torkan@exemple.org
5104,Mirisia,Kelver,mirisia.kelver52@exemple.org
5105,Mamonan,Brenmar,mamonan.brenmar@exemple.org
5106,Fevinea,Kelmont,fevinea.kelmont@courrier.test
5107,Tarisel,Havner,tarisel.havner@mail.example
5108,Pilonia,Wennet,pilonia.wennet@exemple.org
5109,Madarin,Dunbert,madarin.dunbert@courrier.test
5110,Pidane,Tarmar,pidane.tarmar@courrier.test
5111,Arsolu,Faltier,arsolu.faltier77@exemple.org
5112,Namonea,Galver,namonea.galver@exemple.org
5113,Ridarel,Perbert,ridarel.perbert@courrier.test
5114,Nanorea,Dundis,nanorea.dundis@mail.example
5115,Sevinan,Roslin,sevinan.roslin@exemple.org
5116,Yuborel,Nevdal,yuborel.nevdal@exemple.org
5117,Kamare,Corlin,kamare.corlin@exemple.org
5118,Elsolel,Sormont,elsolel.sormont62@exemple.org
5119,Mivine,Valner,mivine.valner@exemple.org
5120,Elkenia,Dunmar,elkenia.dunmar@courrier.test
5121,Duvenea,Valmar,duvenea.valmar@mail.example
5122,Lorelan,Falmont,lorelan.falmont@courrier.test
5123,Elkenel,Dorrand,elkenel.dorrand@courrier.test
5124,Jusolel,Dunvoir,jusolel.dunvoir@mail.example
5125,Mitelel,Wenbert,mitelel.wenbert42@exemple.org
5126,Vedana,Falver,vedana.falver@mail.example
5127,Zogaro,Dunmar,zogaro.dunmar@mail.example
5128,Mivinin,Wenkan,mivinin.wenkan@courrier.test
5129,Pirele,Dunver,pirele.dunver@courrier.test
5130,Banorel,Brendis,banorel.brendis@exemple.org
5131,Elgaria,Faldis,elgaria.faldis@exemple.org
5132,Basenan,Lanmar,basenan.lanmar93@mail.example
5133,Ribore,Dortier,ribore.dortier@exemple.org
5134,Zodanel,Sorsen,zodanel.sorsen@courrier.test
5135,Elsene,Persac,elsene.persac@exemple.org
5136,Junoru,Dorsac,junoru.dorsac@courrier.test
5137,Sotelel,Ravsac,sotelel.ravsac@courrier.test
5138,Soborin,Valvoir,soborin.valvoir@exemple.org
5139,Tadaria,Nevner,tadaria.nevner68@mail.example
5140,Zodanel,Dunmont,zodanel.dunmont@courrier.test
5141,Nalono,Torsen,nalono.torsen@exemple.org
5142,Nasene,Rosner,nasene.rosner@courrier.test
5143,Fesole,Lanlais,fesole.lanlais@courrier.test
5144,Jukenu,Kelsac,jukenu.kelsac@mail.example
5145,Jusenel,Faltier,jusenel.faltier@exemple.org
5146,Serise,Havner,serise.havner61@exemple.org
5147,Mamoni,Falgren,mamoni.falgren@courrier.test
5148,Pisenu,Persen,pisenu.persen@exemple.org
5149,Rilisa,Dormont,rilisa.dormont@courrier.test
5150,Vesene,Rosver,vesene.rosver@courrier.test
5151,Madaru,Torner,madaru.torner@courrier.test
5152,Arlisan,Lanvane,arlisan.lanvane@exemple.org
5153,Juveni,Persac,juveni.persac81@exemple.org
5154,Eltelin,Monmar,eltelin.monmar@exemple.org
5155,Mavalin,Ravtier,mavalin.ravtier@mail.example
5156,Sotarea,Corsen,sotarea.corsen@exemple.org
5157,Zonorin,Perlais,zonorin.perlais@exemple.org
5158,Yuboria,Perlin,yuboria.perlin@exemple.org
5159,Judanel,Monlin,judanel.monlin@mail.example
5160,Mimona,Valdal,mimona.valdal68@courrier.test
5161,Seliso,Landal,seliso.landal@courrier.test
5162,Fevenel,Sormer,fevenel.sormer@mail.example
5163,Jusolan,Falver,jusolan.falver@exemple.org
5164,Ornore,Nevrand,ornore.nevrand@exemple.org
5165,Zodare,Keltier,zodare.keltier@mail.example
5166,Ardaran,Lanlais,ardaran.lanlais@mail.example
5167,Sevinea,Ravvane,sevinea.ravvane30@exemple.org
5168,Zogare,Lanmer,zogare.lanmer@mail.example
5169,Dukeni,Sordal,dukeni.sordal@exemple.org
5170,Lorisea,Galver,lorisea.galver@mail.example
5171,Rivali,Tardal,rivali.tardal@courrier.test
5172,Jurisu,Dunbel,jurisu.dunbel@exemple.org
5173,Sovinin,Brenlais,sovinin.brenlais@mail.example
5174,Soveno,Osttier,soveno.osttier83@mail.example
5175,Somonea,Corlais,somonea.corlais@exemple.org
5176,Yutarea,Tarkan,yutarea.tarkan@courrier.test
5177,Vebori,Dordal,vebori.dordal@mail.example
5178,Pimare,Dorkan,pimare.dorkan@exemple.org
5179,Nalono,Brennet,nalono.brennet@exemple.org
5180,Rimaran,Perner,rimaran.perner@courrier.test
5181,Tanoro,Permar,tanoro.permar64@mail.example
5182,Zodarel,Dunvane,zodarel.dunvane@exemple.org
5183,Kareli,Persen,kareli.persen@exemple.org
5184,Sotarel,Dorvane,sotarel.dorvane@exemple.org
5185,Tadaran,Monner,tadaran.monner@mail.example
5186,Fevinin,Sorver,fevinin.sorver@exemple.org
5187,Tatelea,Nevdal,tatelea.nevdal@exemple.org
5188,Dutarin,Brensac,dutarin.brensac6@courrier.test
5189,Misoli,Vallais,misoli.vallais@mail.example
5190,Pinela,Dorvane,pinela.dorvane@exemple.org
5191,Mivenea,Persac,mivenea.persac@exemple.org
5192,Losolin,Kelmar,losolin.kelmar@courrier.test
5193,Rivenea,Wenmont,rivenea.wenmont@mail.example
5194,Logaru,Nevmont,logaru.nevmont@courrier.test
5195,Piveni,Sortier,piveni.sortier19@exemple.org
5196,Nadani,Monrand,nadani.monrand@courrier.test
5197,Lolisia,Rosdal,lolisia.rosdal@courrier.test
5198,Sovinel,Kelbert,sovinel.kelbert@exemple.org
5199,Jutaria,Sorsac,jutaria.sorsac@mail.example
5200,Babore,Torgren,babore.torgren@mail.example
5201,Sokene,Wendal,sokene.wendal@courrier.test
5202,Duvinan,Nevbert,duvinan.nevbert46@courrier.test
5203,Kavenia,Torver,kavenia.torver@mail.example
5204,Sodari,Falvane,sodari.falvane@exemple.org
5205,Yunelia,Tortier,yunelia.tortier@exemple.org
5206,Lodara,Monvane,lodara.monvane@exemple.org
5207,Ferisia,Galkan,ferisia.galkan@exemple.org
5208,Sevenel,Faldis,sevenel.faldis@courrier.test
5209,Batarel,Lanbel,batarel.lanbel1@exemple.org
5210,Yuborin,Dornet,yuborin.dornet@mail.example
5211,Naveni,Persac,naveni.persac@exemple.org
5212,Lolonea,Lanner,lolonea.lanner@exemple.org
5213,Juvini,Ravmont,juvini.ravmont@courrier.test
5214,Senore,Faltier,senore.faltier@courrier.test
5215,Pilona,Brenbel,pilona.brenbel@courrier.test
5216,Fevale,Sormer,fevale.sormer95@exemple.org
5217,Batare,Ostdis,batare.ostdis@courrier.test
5218,Talonan,Lanmar,talonan.lanmar@courrier.test
5219,Soveni,Valtier,soveni.valtier@mail.example
5220,Zomonu,Cormont,zomonu.cormont@exemple.org
5221,Yumari,Mondal,yumari.mondal@exemple.org
5222,Basolel,Persen,basolel.persen@mail.example
5223,Dutaria,Landis,dutaria.landis45@mail.example
5224,Ellono,Monver,ellono.monver@exemple.org
5225,Zorelu,Havvane,zorelu.havvane@mail.example
5226,Tamare,Valvoir,tamare.valvoir@exemple.org
5227,Yutaria,Dorsen,yutaria.dorsen@courrier.test
5228,Mimarin,Monmar,mimarin.monmar@exemple.org
5229,Fevini,Ostmar,fevini.ostmar@exemple.org
5230,Bagaru,Landis,bagaru.landis21@mail.example
5231,Zovina,Rossac,zovina.rossac@courrier.test
5232,Zovali,Torver,zovali.torver@exemple.org
5233,Mirisa,Tarrand,mirisa.tarrand@exemple.org
5234,Kataran,Ravbel,kataran.ravbel@exemple.org
5235,Tanorel,Torner,tanorel.torner@courrier.test
5236,Balono,Torsen,balono.torsen@exemple.org
5237,Vemara,Lanver,vemara.lanver1@exemple.org
5238,Sevinea,Galrand,sevinea.galrand@mail.example
5239,Kaborin,Tormont,kaborin.tormont@exemple.org
5240,Vedania,Torgren,vedania.torgren@exemple.org
5241,Orseno,Brensen,orseno.brensen@exemple.org
5242,Lorisel,Nevdal,lorisel.nevdal@courrier.test
5243,Balonan,Nevsac,balonan.nevsac@mail.example
5244,Yudanan,Dorsen,yudanan.dorsen37@courrier.test
5245,Tarisi,Falgren,tarisi.falgren@courrier.test
5246,Pilone,Dunmar,pilone.dunmar@exemple.org
5247,Tasole,Rossen,tasole.rossen@exemple.org
5248,Vetelu,Rosvoir,vetelu.rosvoir@courrier.test
5249,Fetelel,Valner,fetelel.valner@exemple.org
5250,Orrelea,Nevlais,orrelea.nevlais@courrier.test
5251,Dusolel,Nevtier,dusolel.nevtier68@exemple.org
5252,Setelel,Pervoir,setelel.pervoir@courrier.test
5253,Mamara,Perkan,mamara.perkan@mail.example
5254,Vemono,Nevgren,vemono.nevgren@exemple.org
5255,Sokene,Corsen,sokene.corsen@exemple.org
5256,Pigaria,Cormar,pigaria.cormar@exemple.org
5257,Rigaro,Monmer,rigaro.monmer@courrier.test
5258,Risenan,Osttier,risenan.osttier25@exemple.org
5259,Manoro,Mongren,manoro.mongren@courrier.test
5260,Jugaru,Havmar,jugaru.havmar@exemple.org
5261,Vesenan,Dunlais,vesenan.dunlais@mail.example
5262,Nanelel,Ostvane,nanelel.ostvane@exemple.org
5263,Feloni,Ravlais,feloni.ravlais@mail.example
5264,Ormarin,Dunvoir,ormarin.dunvoir@courrier.test
5265,Bavenea,Dunlin,bavenea.dunlin26@exemple.org
5266,Elvino,Torkan,elvino.torkan@mail.example
5267,Elnori,Corsen,elnori.corsen@exemple.org
5268,Jumaro,Galmer,jumaro.galmer@courrier.test
5269,Yuvena,Perlais,yuvena.perlais@exemple.org
5270,Julona,Ravtier,julona.ravtier@exemple.org
5271,Tanelel,Sorbel,tanelel.sorbel@courrier.test
5272,Semaro,Pertier,semaro.pertier10@exemple.org
5273,Mavale,Torvane,mavale.torvane@exemple.org
5274,Selisa,Rosvane,selisa.rosvane@exemple.org
5275,Orliso,Brenrand,orliso.brenrand@exemple.org
5276,Bavenel,Perbel,bavenel.perbel@courrier.test
5277,Pigarin,Kelsen,pigarin.kelsen@mail.example
5278,Eltelu,Kelmer,eltelu.kelmer@mail.example
5279,Yudari,Kelmar,yudari.kelmar33@mail.example
5280,Jurise,Torner,jurise.torner@exemple.org
5281,Kamaran,Lanmer,kamaran.lanmer@courrier.test
5282,Ririsa,Torner,ririsa.torner@courrier.test
5283,Nasenu,Sorkan,nasenu.sorkan@exemple.org
5284,Senora,Monsen,senora.monsen@exemple.org
5285,Zosolin,Nevvoir,zosolin.nevvoir@courrier.test
5286,Senoran,Wenlais,senoran.wenlais46@courrier.test
5287,Mavalea,Torner,mavalea.torner@courrier.test
5288,Yudarel,Mondis,yudarel.mondis@courrier.test
5289,Lonorel,Havbert,lonorel.havbert@exemple.org
5290,Nadania,Corrand,nadania.corrand@courrier.test
5291,Narise,Falbel,narise.falbel@exemple.org
5292,Selisi,Ravdis,selisi.ravdis@courrier.test
5293,Ormarel,Perdal,ormarel.perdal29@courrier.test
5294,Kamonea,Torgren,kamonea.torgren@mail.example
5295,Banelo,Wenrand,banelo.wenrand@exemple.org
5296,Dutaria,Havvane,dutaria.havvane@courrier.test
5297,Marisi,Galsac,marisi.galsac@mail.example
5298,Jutelan,Ravlais,jutelan.ravlais@exemple.org
5299,Selisel,Rosdis,selisel.rosdis@mail.example
5300,Feveno,Lankan,feveno.lankan92@mail.example
5301,Elseno,Lannet,elseno.lannet@exemple.org
5302,Kadarin,Torner,kadarin.torner@courrier.test
5303,Orsolel,Lannet,orsolel.lannet@courrier.test
5304,Somonia,Targren,somonia.targren@mail.example
5305,Sesolel,Rosvoir,sesolel.rosvoir@courrier.test
5306,Nalonea,Galtier,nalonea.galtier@exemple.org
5307,Junorea,Keldis,junorea.keldis81@exemple.org
5308,Durelin,Cordal,durelin.cordal@courrier.test
5309,Tarisu,Brenbel,tarisu.brenbel@mail.example
5310,Ardanan,Tarvoir,ardanan.tarvoir@exemple.org
5311,Arkena,Nevbel,arkena.nevbel@courrier.test
5312,Orrelin,Sorgren,orrelin.sorgren@courrier.test
5313,Judaria,Ostbert,judaria.ostbert@courrier.test
5314,Risenia,Ostbert,risenia.ostbert53@exemple.org
5315,Duvina,Falver,duvina.falver@exemple.org
5316,Makenea,Valdal,makenea.valdal@courrier.test
5317,Fesene,Ostmer,fesene.ostmer@courrier.test
5318,Senorin,Nevkan,senorin.nevkan@mail.example
5319,Junelel,Valner,junelel.valner@exemple.org
5320,Fesolo,Pergren,fesolo.pergren@exemple.org
5321,Zorelu,Nevlin,zorelu.nevlin62@mail.example
5322,Zolonea,Valvoir,zolonea.valvoir@exemple.org
5323,Lorisi,Langren,lorisi.langren@courrier.test
5324,Yusolo,Falsac,yusolo.falsac@courrier.test
5325,Rivenia,Faltier,rivenia.faltier@courrier.test
5326,Elsolu,Nevvane,elsolu.nevvane@courrier.test
5327,Zorisea,Corkan,zorisea.corkan@mail.example
5328,Balona,Rostier,balona.rostier65@exemple.org
5329,Sokeno,Roslais,sokeno.roslais@exemple.org
5330,Pinoria,Dorsen,pinoria.dorsen@exemple.org
5331,Rimaru,Falmer,rimaru.falmer@exemple.org
5332,Arlisa,Ostmar,arlisa.ostmar@exemple.org
5333,Sotaria,Mondal,sotaria.mondal@exemple.org
5334,Bamonea,Ravmont,bamonea.ravmont@exemple.org
5335,Arkenel,Havmar,arkenel.havmar63@mail.example
5336,Zotarin,Fallin,zotarin.fallin@mail.example
5337,Tarela,Havner,tarela.havner@exemple.org
5338,Yudanea,Falmer,yudanea.falmer@exemple.org
5339,Lokenan,Havbel,lokenan.havbel@exemple.org
5340,Ormoni,Permar,ormoni.permar@courrier.test
5341,Nataria,Dornet,nataria.dornet@exemple.org
5342,Kaneli,Pervoir,kaneli.pervoir1@exemple.org
5343,Tadanan,Tartier,tadanan.tartier@mail.example
5344,Vesenia,Valmont,vesenia.valmont@mail.example
5345,Judanu,Nevvane,judanu.nevvane@mail.example
5346,Serelo,Nevner,serelo.nevner@courrier.test
5347,Minelu,Monmont,minelu.monmont@exemple.org
5348,Elsolea,Kelver,elsolea.kelver@courrier.test
5349,Zovinel,Tortier,zovinel.tortier84@courrier.test
5350,Dulonin,Wendal,dulonin.wendal@courrier.test
5351,Rivenel,Ostlin,rivenel.ostlin@exemple.org
5352,Zoloni,Dordis,zoloni.dordis@courrier.test
5353,Jurisan,Monrand,jurisan.monrand@courrier.test
5354,Sodana,Ravdis,sodana.ravdis@exemple.org
5355,Orvala,Ravnet,orvala.ravnet@courrier.test
5356,Kamarin,Kelsen,kamarin.kelsen80@exemple.org
5357,Jugaru,Brenner,jugaru.brenner@mail.example
5358,Sotarel,Ravsac,sotarel.ravsac@exemple.org
5359,Pinore,Rosmer,pinore.rosmer@courrier.test
5360,Natari,Brengren,natari.brengren@mail.example
5361,Rimoni,Monvane,rimoni.monvane@exemple.org
5362,Balisi,Dunsen,balisi.dunsen@exemple.org
5363,Setelin,Ostmont,setelin.ostmont28@exemple.org
5364,Vekenu,Nevbert,vekenu.nevbert@courrier.test
5365,Malonia,Havgren,malonia.havgren@exemple.org
5366,Zogaria,Galmont,zogaria.galmont@exemple.org
5367,Risolo,Dornet,risolo.dornet@exemple.org
5368,Yuboro,Perdal,yuboro.perdal@courrier.test
5369,Sesena,Corkan,sesena.corkan@exemple.org
5370,Somaru,Torlin,somaru.torlin90@courrier.test
5371,Matari,Ostnet,matari.ostnet@courrier.test
5372,Yumarea,Corrand,yumarea.corrand@courrier.test
5373,Tamonin,Havsen,tamonin.havsen@courrier.test
5374,Pitare,Tarsen,pitare.tarsen@courrier.test
5375,Mivina,Tordis,mivina.tordis@mail.example
5376,Somonin,Brenlin,somonin.brenlin@exemple.org
5377,Dudanin,Keldis,dudanin.keldis86@courrier.test
5378,Nalise,Galner,nalise.galner@courrier.test
5379,Tavale,Lanrand,tavale.lanrand@mail.example
5380,Tadana,Nevnet,tadana.nevnet@mail.example
5381,Zokenel,Falsac,zokenel.falsac@exemple.org
5382,Vedanin,Landal,vedanin.landal@exemple.org
5383,Tanora,Galsac,tanora.galsac@exemple.org
5384,Orsolu,Ostver,orsolu.ostver25@exemple.org
5385,Balonel,Wenmont,balonel.wenmont@exemple.org
5386,Banelo,Falvoir,banelo.falvoir@mail.example
5387,Yuboru,Tarnet,yuboru.tarnet@mail.example
5388,Orrise,Pervoir,orrise.pervoir@exemple.org
5389,Sebora,Kelmer,sebora.kelmer@mail.example
5390,Sokene,Corsac,sokene.corsac@courrier.test
5391,Yudane,Roskan,yudane.roskan41@mail.example
5392,Sekenu,Dorsen,sekenu.dorsen@exemple.org
5393,Pisolan,Tarkan,pisolan.tarkan@courrier.test
5394,Tanori,Ostlin,tanori.ostlin@exemple.org
5395,Ortelu,Valnet,ortelu.valnet@mail.example
5396,Eldaria,Cormar,eldaria.cormar@exemple.org
5397,Pivinia,Nevrand,pivinia.nevrand@courrier.test
5398,Arboru,Permont,arboru.permont63@exemple.org
5399,Serisin,Pergren,serisin.pergren@exemple.org
5400,Lotelel,Havtier,lotelel.havtier@exemple.org
5401,Kalise,Ravmont,kalise.ravmont@mail.example
5402,Nanore,Ostrand,nanore.ostrand@exemple.org
5403,Veveno,Ravmar,veveno.ravmar@mail.example
5404,Fevenan,Galdis,fevenan.galdis@exemple.org
5405,Sotelea,Ravrand,sotelea.ravrand69@courrier.test
5406,Orvino,Dunbert,orvino.dunbert@exemple.org
5407,Dulonin,Lanlais,dulonin.lanlais@exemple.org
5408,Elsenia,Dunvoir,elsenia.dunvoir@exemple.org
5409,Pitelel,Torbert,pitelel.torbert@exemple.org
5410,Nataran,Tormer,nataran.tormer@mail.example
5411,Dutari,Kelkan,dutari.kelkan@courrier.test
5412,Midari,Ostmer,midari.ostmer64@courrier.test
5413,Arrisin,Brenkan,arrisin.brenkan@courrier.test
5414,Zosenia,Corlin,zosenia.corlin@exemple.org
5415,Tasole,Perkan,tasole.perkan@courrier.test
5416,Zovenel,Kelbert,zovenel.kelbert@exemple.org
5417,Vetelo,Kelsen,vetelo.kelsen@exemple.org
5418,Mavalia,Ravrand,mavalia.ravrand@courrier.test
5419,Arsenel,Galmar,arsenel.galmar51@mail.example
5420,Eltelu,Dorbel,eltelu.dorbel@exemple.org
5421,Rinelo,Cortier,rinelo.cortier@exemple.org
5422,Yutaro,Perlin,yutaro.perlin@exemple.org
5423,Misenel,Gallin,misenel.gallin@exemple.org
5424,Madarel,Nevdal,madarel.nevdal@courrier.test
5425,Arkenel,Nevdal,arkenel.nevdal@exemple.org
5426,Venelel,Ostlais,venelel.ostlais25@mail.example
5427,Pilonia,Kelvane,pilonia.kelvane@courrier.test
5428,Narisia,Dundal,narisia.dundal@courrier.test
5429,Orvalin,Tardal,orvalin.tardal@courrier.test
5430,Nanoru,Rosver,nanoru.rosver@exemple.org
5431,Duvinin,Tarbert,duvinin.tarbert@exemple.org
5432,Kakenea,Havgren,kakenea.havgren@exemple.org
5433,Sesenia,Tormar,sesenia.tormar95@exemple.org
5434,Elboro,Gallais,elboro.gallais@courrier.test
5435,Yuneli,Galbel,yuneli.galbel@exemple.org
5436,Jurisel,Dunvane,jurisel.dunvane@exemple.org
5437,Somonia,Perrand,somonia.perrand@courrier.test
5438,Sosolia,Tordal,sosolia.tordal@courrier.test
5439,Semarin,Tarmar,semarin.tarmar@courrier.test
5440,Sevenin,Havmer,sevenin.havmer24@exemple.org
5441,Yudanan,Cormont,yudanan.cormont@exemple.org
5442,Orsenia,Nevsen,orsenia.nevsen@exemple.org
5443,Sekenin,Havdal,sekenin.havdal@courrier.test
5444,Tarisia,Ravsen,tarisia.ravsen@mail.example
5445,Zoboria,Sorsac,zoboria.sorsac@courrier.test
5446,Lomaro,Brenbel,lomaro.brenbel@exemple.org
5447,Lolona,Dunsac,lolona.dunsac11@exemple.org
5448,Nalonia,Kelner,nalonia.kelner@exemple.org
5449,Argaria,Ostrand,argaria.ostrand@exemple.org
5450,Elvali,Dorver,elvali.dorver@exemple.org
5451,Rinela,Nevnet,rinela.nevnet@exemple.org
5452,Bamonin,Kelsac,bamonin.kelsac@exemple.org
5453,Ritelin,Cordis,ritelin.cordis@exemple.org
5454,Zovenia,Valvane,zovenia.valvane74@mail.example
5455,Kalisa,Rostier,kalisa.rostier@courrier.test
5456,Dulisel,Ravgren,dulisel.ravgren@exemple.org
5457,Junelan,Cordal,junelan.cordal@exemple.org
5458,Lotarel,Ostdis,lotarel.ostdis@exemple.org
5459,Kakeni,Sornet,kakeni.sornet@mail.example
5460,Fenela,Ravmont,fenela.ravmont@mail.example
5461,Mimaria,Brenbert,mimaria.brenbert4@courrier.test
5462,Eldara,Sorlin,eldara.sorlin@exemple.org
5463,Bavenia,Brenbert,bavenia.brenbert@courrier.test
5464,Nalisan,Sorvoir,nalisan.sorvoir@mail.example
5465,Arrisin,Landis,arrisin.landis@courrier.test
5466,Eltelia,Keldal,eltelia.keldal@exemple.org
5467,Orlisin,Wenvane,orlisin.wenvane@exemple.org
5468,Lokeni,Falsen,lokeni.falsen51@exemple.org
5469,Ririsel,Ostsen,ririsel.ostsen@exemple.org
5470,Orvenia,Lantier,orvenia.lantier@mail.example
5471,Setarin,Nevner,setarin.nevner@courrier.test
5472,Mabora,Nevmar,mabora.nevmar@exemple.org
5473,Dutarin,Ravlais,dutarin.ravlais@mail.example
5474,Femarel,Galver,femarel.galver@exemple.org
5475,Sevenan,Ostvane,sevenan.ostvane92@courrier.test
5476,Lolona,Dunlais,lolona.dunlais@exemple.org
5477,Fegaran,Wenlais,fegaran.wenlais@exemple.org
5478,Sesolan,Brensac,sesolan.brensac@courrier.test
5479,Mateli,Havvoir,mateli.havvoir@courrier.test
5480,Riborea,Wenmar,riborea.wenmar@courrier.test
5481,Selisel,Rosvoir,selisel.rosvoir@exemple.org
5482,Sotarin,Dunver,sotarin.dunver12@courrier.test
5483,Yuriso,Tortier,yuriso.tortier@courrier.test
5484,Riboru,Nevdal,riboru.nevdal@exemple.org
5485,Zosenan,Corlais,zosenan.corlais@courrier.test
5486,Pikeno,Dorlin,pikeno.dorlin@mail.example
5487,Namaro,Corsen,namaro.corsen@courrier.test
5488,Matelan,Brenvoir,matelan.brenvoir@courrier.test
5489,Pinelin,Landal,pinelin.landal30@courrier.test
5490,Rimonin,Valmar,rimonin.valmar@courrier.test
5491,Migarin,Tarvane,migarin.tarvane@exemple.org
5492,Rilisa,Dunbert,rilisa.dunbert@exemple.org
5493,Pirisea,Rosmont,pirisea.rosmont@courrier.test
5494,Bataro,Lannet,bataro.lannet@exemple.org
5495,Juvinan,Kelsac,juvinan.kelsac@exemple.org
5496,Elmaran,Valtier,elmaran.valtier65@exemple.org
5497,Narisan,Corsac,narisan.corsac@courrier.test
5498,Kanelu,Corner,kanelu.corner@mail.example
5499,Vegarea,Torrand,vegarea.torrand@courrier.test
5500,Mimarea,Keldis,mimarea.keldis@mail.example
5501,Sevine,Sordis,sevine.sordis@mail.example
5502,Orlono,Dunbert,orlono.dunbert@courrier.test
5503,Selono,Havsen,selono.havsen87@courrier.test
5504,Tasolu,Perbert,tasolu.perbert@courrier.test
5505,Rilonel,Cordis,rilonel.cordis@mail.example
5506,Mavene,Havmer,mavene.havmer@mail.example
5507,Jusene,Ravrand,jusene.ravrand@exemple.org
5508,Vesolel,Tarsen,vesolel.tarsen@exemple.org
5509,Kamaro,Sordis,kamaro.sordis@courrier.test
5510,Dudane,Ravtier,dudane.ravtier9@exemple.org
5511,Lomoni,Sormar,lomoni.sormar@mail.example
5512,Minoro,Havdal,minoro.havdal@exemple.org
5513,Talisu,Sorner,talisu.sorner@mail.example
5514,Dutelel,Cormont,dutelel.cormont@courrier.test
5515,Zobori,Vallais,zobori.vallais@mail.example
5516,Zovalea,Tarsac,zovalea.tarsac@mail.example
5517,Vevenin,Tarmar,vevenin.tarmar27@exemple.org
5518,Bamari,Tormar,bamari.tormar@mail.example
5519,Yutelin,Dorgren,yutelin.dorgren@exemple.org
5520,Bamaria,Galsen,bamaria.galsen@mail.example
5521,Kanoran,Corver,kanoran.corver@courrier.test
5522,Bamaria,Perlin,bamaria.perlin@exemple.org
5523,Venelu,Dorbert,venelu.dorbert@exemple.org
5524,Verelia,Permer,verelia.permer38@exemple.org
5525,Elriso,Rosgren,elriso.rosgren@mail.example
5526,Orrelu,Galdal,orrelu.galdal@exemple.org
5527,Vemonea,Ostlin,vemonea.ostlin@mail.example
5528,Kalono,Duntier,kalono.duntier@courrier.test
5529,Jutarin,Wenbel,jutarin.wenbel@exemple.org
5530,Tarelu,Dorver,tarelu.dorver@courrier.test
5531,Venora,Sorkan,venora.sorkan11@mail.example
5532,Zotela,Sormar,zotela.sormar@courrier.test
5533,Fevalia,Ravmar,fevalia.ravmar@exemple.org
5534,Semare,Lantier,semare.lantier@exemple.org
5535,Ornore,Kelmer,ornore.kelmer@exemple.org
5536,Sorelin,Nevrand,sorelin.nevrand@exemple.org
5537,Orseno,Galvane,orseno.galvane@exemple.org
5538,Zolonu,Havvoir,zolonu.havvoir23@mail.example
5539,Balisia,Nevtier,balisia.nevtier@courrier.test
5540,Lonoro,Ostdal,lonoro.ostdal@exemple.org
5541,Logaria,Galver,logaria.galver@exemple.org
5542,Orrisu,Dundal,orrisu.dundal@exemple.org
5543,Duvinin,Wentier,duvinin.wentier@exemple.org
5544,Misenia,Brenbel,misenia.brenbel@exemple.org
5545,Lomaru,Wendal,lomaru.wendal70@courrier.test
5546,Zokena,Dundal,zokena.dundal@exemple.org
5547,Fetaro,Ravlin,fetaro.ravlin@courrier.test
5548,Orvinia,Monvane,orvinia.monvane@exemple.org
5549,Minorel,Corbert,minorel.corbert@exemple.org
5550,Misena,Dunkan,misena.dunkan@mail.example
5551,Logari,Havlin,logari.havlin@courrier.test
5552,Pivala,Perver,pivala.perver69@exemple.org
5553,Pilonan,Tardis,pilonan.tardis@exemple.org
5554,Sedano,Keldis,sedano.keldis@courrier.test
5555,Venela,Brensac,venela.brensac@exemple.org
5556,Ardarel,Lanmont,ardarel.lanmont@exemple.org
5557,Magaro,Kelbel,magaro.kelbel@courrier.test
5558,Ellisa,Cormar,ellisa.cormar@courrier.test
5559,Tarise,Montier,tarise.montier84@courrier.test
5560,Ellonan,Wenvoir,ellonan.wenvoir@courrier.test
5561,Namonu,Wenvoir,namonu.wenvoir@exemple.org
5562,Mimaria,Dorkan,mimaria.dorkan@mail.example
5563,Vedare,Ravlais,vedare.ravlais@courrier.test
5564,Sotelan,Torbert,sotelan.torbert@exemple.org
5565,Karisu,Lanner,karisu.lanner@mail.example
5566,Minora,Valsen,minora.valsen45@courrier.test
5567,Navene,Kelmer,navene.kelmer@exemple.org
5568,Bavena,Ostvoir,bavena.ostvoir@courrier.test
5569,Narelel,Ostlais,narelel.ostlais@exemple.org
5570,Mamona,Falmer,mamona.falmer@exemple.org
5571,Sovenea,Corrand,sovenea.corrand@mail.example
5572,Ridanel,Corrand,ridanel.corrand@exemple.org
5573,Ornoru,Dungren,ornoru.dungren70@courrier.test
5574,Sogaran,Havtier,sogaran.havtier@exemple.org
5575,Juvino,Torgren,juvino.torgren@exemple.org
5576,Bakenan,Dordis,bakenan.dordis@mail.example
5577,Mitelin,Dunner,mitelin.dunner@exemple.org
5578,Zonele,Fallais,zonele.fallais@courrier.test
5579,Febora,Falvoir,febora.falvoir@courrier.test
5580,Sodanu,Sorsac,sodanu.sorsac96@exemple.org
5581,Zobora,Corsen,zobora.corsen@exemple.org
5582,Rirela,Ostbert,rirela.ostbert@exemple.org
5583,Loneli,Monrand,loneli.monrand@exemple.org
5584,Fevalan,Falbert,fevalan.falbert@exemple.org
5585,Karise,Wenmont,karise.wenmont@mail.example
5586,Zomone,Rosgren,zomone.rosgren@exemple.org
5587,Naboria,Perlais,naboria.perlais50@exemple.org
5588,Riloni,Dunver,riloni.dunver@exemple.org
5589,Yurisel,Rosver,yurisel.rosver@mail.example
5590,Judane,Corner,judane.corner@mail.example
5591,Sodarea,Perdal,sodarea.perdal@courrier.test
5592,Kakenel,Dorvoir,kakenel.dorvoir@courrier.test
5593,Dudanea,Dornet,dudanea.dornet@courrier.test
5594,Mivenel,Galmont,mivenel.galmont9@exemple.org
5595,Durelel,Galvane,durelel.galvane@exemple.org
5596,Solonu,Havsac,solonu.havsac@mail.example
5597,Nasenel,Faldis,nasenel.faldis@exemple.org
5598,Sedanu,Wensen,sedanu.wensen@courrier.test
5599,Dudane,Ostlais,dudane.ostlais@exemple.org
5600,Arvalo,Ravtier,arvalo.ravtier@courrier.test
5601,Orlisa,Galvane,orlisa.galvane71@exemple.org
5602,Febori,Rosmar,febori.rosmar@courrier.test
5603,Ordarin,Torbel,ordarin.torbel@exemple.org
5604,Velone,Valdal,velone.valdal@courrier.test
5605,Madanu,Havtier,madanu.havtier@exemple.org
5606,Dunoro,Galrand,dunoro.galrand@mail.example
5607,Fetari,Ravdis,fetari.ravdis@exemple.org
5608,Balisin,Brenlais,balisin.brenlais96@exemple.org
5609,Sodane,Tarsen,sodane.tarsen@mail.example
5610,Elsenu,Ravver,elsenu.ravver@exemple.org
5611,Baloni,Dorbert,baloni.dorbert@mail.example
5612,Zoveni,Havbel,zoveni.havbel@courrier.test
5613,Misenan,Monrand,misenan.monrand@exemple.org
5614,Orvenea,Rosmer,orvenea.rosmer@courrier.test
5615,Nalise,Brenver,nalise.brenver28@courrier.test
5616,Sotarel,Wensen,sotarel.wensen@exemple.org
5617,Zorela,Brenmer,zorela.brenmer@exemple.org
5618,Badari,Ravnet,badari.ravnet@exemple.org
5619,Ellise,Pergren,ellise.pergren@courrier.test
5620,Zotelea,Wentier,zotelea.wentier@exemple.org
5621,Masenin,Lanmar,masenin.lanmar@exemple.org
5622,Piloni,Havtier,piloni.havtier78@mail.example
5623,Dukenan,Galsac,dukenan.galsac@exemple.org
5624,Bakenu,Kelsen,bakenu.kelsen@exemple.org
5625,Ririsin,Dordis,ririsin.dordis@mail.example
5626,Zodarin,Lansac,zodarin.lansac@exemple.org
5627,Loseno,Montier,loseno.montier@exemple.org
5628,Midaru,Ravbel,midaru.ravbel@exemple.org
5629,Kasolo,Torner,kasolo.torner26@courrier.test
5630,Sotelia,Cormar,sotelia.cormar@exemple.org
5631,Tataria,Monvoir,tataria.monvoir@exemple.org
5632,Misolin,Brennet,misolin.brennet@exemple.org
5633,Navini,Tarsac,navini.tarsac@exemple.org
5634,Tavinu,Valdis,tavinu.valdis@exemple.org
5635,Vevenu,Ravvane,vevenu.ravvane@mail.example
5636,Somari,Ostgren,somari.ostgren64@courrier.test
5637,Mineli,Monvoir,mineli.monvoir@courrier.test
5638,Sosene,Wendal,sosene.wendal@courrier.test
5639,Juteli,Corgren,juteli.corgren@exemple.org
5640,Fetelin,Dorsen,fetelin.dorsen@exemple.org
5641,Dumaran,Lanmer,dumaran.lanmer@mail.example
5642,Ellone,Nevmar,ellone.nevmar@exemple.org
5643,Sorela,Falmont,sorela.falmont22@courrier.test
5644,Juvenea,Valbert,juvenea.valbert@courrier.test
5645,Zodania,Lanbel,zodania.lanbel@exemple.org
5646,Ornori,Kelbert,ornori.kelbert@exemple.org
5647,Selonan,Monlin,selonan.monlin@courrier.test
5648,Arnelan,Falgren,arnelan.falgren@exemple.org
5649,Sonelea,Valrand,sonelea.valrand@mail.example
5650,Vetelea,Sormar,vetelea.sormar37@exemple.org
5651,Lolisu,Nevdis,lolisu.nevdis@courrier.test
5652,Yutelan,Ostver,yutelan.ostver@exemple.org
5653,Arnelel,Wenvoir,arnelel.wenvoir@exemple.org
5654,Yureli,Valbert,yureli.valbert@exemple.org
5655,Madari,Permer,madari.permer@courrier.test
5656,Arsolea,Brenbel,arsolea.brenbel@exemple.org
5657,Vevino,Wendis,vevino.wendis98@exemple.org
5658,Arvenin,Tarlin,arvenin.tarlin@exemple.org
5659,Yutele,Galsen,yutele.galsen@exemple.org
5660,Artela,Tarbel,artela.tarbel@exemple.org
5661,Lorela,Galver,lorela.galver@courrier.test
5662,Tadane,Dorlin,tadane.dorlin@exemple.org
5663,Matelan,Cornet,matelan.cornet@exemple.org
5664,Durisia,Duntier,durisia.duntier33@mail.example
5665,Fereli,Ostrand,fereli.ostrand@courrier.test
5666,Lotela,Sorkan,lotela.sorkan@mail.example
5667,Malisia,Dorver,malisia.dorver@exemple.org
5668,Orlisin,Tarbel,orlisin.tarbel@courrier.test
5669,Sodani,Sorner,sodani.sorner@mail.example
5670,Veboro,Torsen,veboro.torsen@mail.example
5671,Kadaro,Wenkan,kadaro.wenkan19@exemple.org
5672,Jubore,Wenmar,jubore.wenmar@exemple.org
5673,Yumarel,Dunvoir,yumarel.dunvoir@courrier.test
5674,Somone,Corvoir,somone.corvoir@exemple.org
5675,Tadarea,Vallais,tadarea.vallais@courrier.test
5676,Orsolel,Persen,orsolel.persen@mail.example
5677,Pivalia,Ravsen,pivalia.ravsen@mail.example
5678,Zorisa,Monsac,zorisa.monsac27@courrier.test
5679,Nagarin,Ravmar,nagarin.ravmar@mail.example
5680,Yudaran,Ostrand,yudaran.ostrand@courrier.test
5681,Barisi,Sorlin,barisi.sorlin@courrier.test
5682,Losolel,Ravbel,losolel.ravbel@exemple.org
5683,Makenin,Wenbel,makenin.wenbel@exemple.org
5684,Kadare,Faldal,kadare.faldal@mail.example
5685,Nalona,Sorsen,nalona.sorsen84@courrier.test
5686,Mikenu,Nevnet,mikenu.nevnet@courrier.test
5687,Balisin,Torsac,balisin.torsac@mail.example
5688,Ridare,Galbert,ridare.galbert@exemple.org
5689,Juboru,Permont,juboru.permont@exemple.org
5690,Ormoni,Havkan,ormoni.havkan@courrier.test
5691,Vedaran,Valvane,vedaran.valvane@courrier.test
5692,Jurela,Tarbert,jurela.tarbert18@courrier.test
5693,Zokenea,Falvane,zokenea.falvane@mail.example
5694,Nalonea,Tarbel,nalonea.tarbel@exemple.org
5695,Zogarel,Havnet,zogarel.havnet@courrier.test
5696,Tatelan,Perlin,tatelan.perlin@exemple.org
5697,Pivalel,Ravmer,pivalel.ravmer@mail.example
5698,Zomono,Corlais,zomono.corlais@courrier.test
5699,Pigare,Mondis,pigare.mondis5@exemple.org
5700,Losole,Dunlin,losole.dunlin@mail.example
5701,Arsene,Sorsen,arsene.sorsen@courrier.test
5702,Ormari,Valmer,ormari.valmer@exemple.org
5703,Barisu,Sormar,barisu.sormar@mail.example
5704,Dumonel,Ostgren,dumonel.ostgren@exemple.org
5705,Lovene,Lannet,lovene.lannet@courrier.test
5706,Fevenin,Rosver,fevenin.rosver36@courrier.test
5707,Zoboru,Dundal,zoboru.dundal@mail.example
5708,Semonea,Kelnet,semonea.kelnet@mail.example
5709,Masoli,Sorbert,masoli.sorbert@exemple.org
5710,Orkenea,Dunbert,orkenea.dunbert@exemple.org
5711,Magarea,Wenlin,magarea.wenlin@exemple.org
5712,Durisea,Falbert,durisea.falbert@courrier.test
5713,Kareli,Tarbel,kareli.tarbel30@exemple.org
5714,Velisan,Monvoir,velisan.monvoir@mail.example
5715,Ortele,Tarsen,ortele.tarsen@courrier.test
5716,Risoli,Pergren,risoli.pergren@exemple.org
5717,Yuboria,Ostdal,yuboria.ostdal@exemple.org
5718,Dugari,Monner,dugari.monner@exemple.org
5719,Zovinea,Dunlais,zovinea.dunlais@exemple.org
5720,Femare,Brenner,femare.brenner80@mail.example
5721,Karelo,Torvoir,karelo.torvoir@courrier.test
5722,Vegaria,Corsac,vegaria.corsac@exemple.org
5723,Kanelel,Ravmar,kanelel.ravmar@exemple.org
5724,Pigaro,Kellin,pigaro.kellin@exemple.org
5725,Barelea,Brenbel,barelea.brenbel@mail.example
5726,Orgarel,Brentier,orgarel.brentier@mail.example
5727,Vemari,Valdal,vemari.valdal92@courrier.test
5728,Tagarin,Monsac,tagarin.monsac@exemple.org
5729,Ornelu,Dorvane,ornelu.dorvane@exemple.org
5730,Vetarea,Valrand,vetarea.valrand@exemple.org
5731,Dudano,Nevvane,dudano.nevvane@exemple.org
5732,Orrelo,Falver,orrelo.falver@exemple.org
5733,Tamara,Lanmont,tamara.lanmont@exemple.org
5734,Arnorea,Rosvoir,arnorea.rosvoir85@mail.example
5735,Rimonu,Sormar,rimonu.sormar@exemple.org
5736,Eltelan,Ostdis,eltelan.ostdis@exemple.org
5737,Dugarea,Rosdis,dugarea.rosdis@courrier.test
5738,Ferelea,Mongren,ferelea.mongren@exemple.org
5739,Zosolo,Nevmer,zosolo.nevmer@courrier.test
5740,Marelia,Rosrand,marelia.rosrand@courrier.test
5741,Rilisea,Wenvane,rilisea.wenvane36@exemple.org
5742,Fekenia,Nevnet,fekenia.nevnet@courrier.test
5743,Armare,Dordis,armare.dordis@exemple.org
5744,Maseni,Dorvoir,maseni.dorvoir@courrier.test
5745,Fevini,Sorbert,fevini.sorbert@exemple.org
5746,Vesoli,Dunvoir,vesoli.dunvoir@exemple.org
5747,Tavenea,Torrand,tavenea.torrand@mail.example
5748,Basolin,Sormont,basolin.sormont34@mail.example
5749,Lotelu,Falbert,lotelu.falbert@exemple.org
5750,Fereli,Monkan,fereli.monkan@exemple.org
5751,Malisan,Sorvoir,malisan.sorvoir@exemple.org
5752,Sogare,Ostner,sogare.ostner@exemple.org
5753,Pilonel,Ostnet,pilonel.ostnet@courrier.test
5754,Yuveni,Ostlais,yuveni.ostlais@courrier.test
5755,Malise,Kelner,malise.kelner11@courrier.test
5756,Miloni,Nevmer,miloni.nevmer@exemple.org
5757,Yutelu,Ostnet,yutelu.ostnet@exemple.org
5758,Karisin,Nevmar,karisin.nevmar@mail.example
5759,Duboro,Dorkan,duboro.dorkan@courrier.test
5760,Vemonan,Kelmont,vemonan.kelmont@exemple.org
5761,Fevini,Monvane,fevini.monvane@courrier.test
5762,Artaro,Sorlin,artaro.sorlin1@courrier.test
5763,Sotaran,Nevtier,sotaran.nevtier@courrier.test
5764,Jutelel,Ravver,jutelel.ravver@mail.example
5765,Zonori,Rosbel,zonori.rosbel@exemple.org
5766,Arvinin,Cormar,arvinin.cormar@exemple.org
5767,Jusolea,Havtier,jusolea.havtier@exemple.org
5768,Nanelel,Valbert,nanelel.valbert@exemple.org
5769,Bamonan,Tarver,bamonan.tarver23@exemple.org
5770,Mivenin,Rosvoir,mivenin.rosvoir@courrier.test
5771,Sovinin,Monvoir,sovinin.monvoir@exemple.org
5772,Pilise,Nevlin,pilise.nevlin@mail.example
5773,Namono,Ostsac,namono.ostsac@exemple.org
5774,Zoboro,Havnet,zoboro.havnet@exemple.org
5775,Yunoru,Sorlais,yunoru.sorlais@mail.example
5776,Elnelan,Tormont,elnelan.tormont27@exemple.org
5777,Karelel,Mondal,karelel.mondal@mail.example
5778,Jumarea,Nevbel,jumarea.nevbel@courrier.test
5779,Zoboro,Galsac,zoboro.galsac@exemple.org
5780,Rimonea,Dorlais,rimonea.dorlais@exemple.org
5781,Fetaran,Corsen,fetaran.corsen@courrier.test
5782,Jusenin,Dunbert,jusenin.dunbert@exemple.org
5783,Yubore,Monver,yubore.monver91@exemple.org
5784,Sesolo,Rossac,sesolo.rossac@courrier.test
5785,Veboro,Tarmont,veboro.tarmont@exemple.org
5786,Naseno,Gallin,naseno.gallin@exemple.org
5787,Pitaru,Galvane,pitaru.galvane@courrier.test
5788,Mikena,Ravbel,mikena.ravbel@mail.example
5789,Soboria,Rosdal,soboria.rosdal@courrier.test
5790,Arveno,Valdal,arveno.valdal70@courrier.test
5791,Orlisi,Wendis,orlisi.wendis@mail.example
5792,Bakeno,Ostlais,bakeno.ostlais@courrier.test
5793,Babore,Kelmont,babore.kelmont@mail.example
5794,Sovinin,Havmar,sovinin.havmar@exemple.org
5795,Orvina,Torner,orvina.torner@exemple.org
5796,Fesenea,Sordis,fesenea.sordis@mail.example
5797,Dutelin,Kelmont,dutelin.kelmont59@exemple.org
5798,Orgara,Wenver,orgara.wenver@courrier.test
5799,Mamonea,Kelmont,mamonea.kelmont@exemple.org
5800,Fetelia,Torlin,fetelia.torlin@exemple.org
5801,Pimara,Rossac,pimara.rossac@courrier.test
5802,Arvalel,Tarkan,arvalel.tarkan@mail.example
5803,Taboro,Wenner,taboro.wenner@exemple.org
5804,Yumonia,Brenner,yumonia.brenner54@courrier.test
5805,Elsenin,Havlais,elsenin.havlais@exemple.org
5806,Taboria,Nevbert,taboria.nevbert@exemple.org
5807,Arlisa,Valner,arlisa.valner@exemple.org
5808,Vesolu,Falner,vesolu.falner@courrier.test
5809,Talonea,Perner,talonea.perner@mail.example
5810,Vesena,Wenvane,vesena.wenvane@courrier.test
5811,Vedano,Dunrand,vedano.dunrand81@exemple.org
5812,Yuvali,Lanmar,yuvali.lanmar@courrier.test
5813,Nasolu,Tormer,nasolu.tormer@courrier.test
5814,Nadano,Wendis,nadano.wendis@exemple.org
5815,Solisia,Mongren,solisia.mongren@courrier.test
5816,Selisia,Falkan,selisia.falkan@mail.example
5817,Velonu,Lanbert,velonu.lanbert@courrier.test
5818,Zosenan,Torsen,zosenan.torsen86@exemple.org
5819,Katelin,Fallin,katelin.fallin@exemple.org
5820,Pirisin,Vallais,pirisin.vallais@mail.example
5821,Baseno,Brenrand,baseno.brenrand@exemple.org
5822,Nakenin,Permont,nakenin.permont@courrier.test
5823,Bagare,Faldis,bagare.faldis@exemple.org
5824,Sevali,Nevlin,sevali.nevlin@exemple.org
5825,Junelea,Havsen,junelea.havsen33@exemple.org
5826,Pigaru,Kelkan,pigaru.kelkan@exemple.org
5827,Eltari,Roslin,eltari.roslin@courrier.test
5828,Sokenia,Lannet,sokenia.lannet@courrier.test
5829,Bamara,Galtier,bamara.galtier@courrier.test
5830,Pinelia,Valner,pinelia.valner@courrier.test
5831,Mimona,Galner,mimona.galner@exemple.org
5832,Vedara,Tarsac,vedara.tarsac86@courrier.test
5833,Ferisea,Nevnet,ferisea.nevnet@courrier.test
5834,Lolonu,Brenvane,lolonu.brenvane@exemple.org
5835,Lolono,Mondis,lolono.mondis@exemple.org
5836,Feboro,Nevsen,feboro.nevsen@courrier.test
5837,Felisan,Brengren,felisan.brengren@exemple.org
5838,Mitaru,Kelmer,mitaru.kelmer@exemple.org
5839,Pibora,Tarrand,pibora.tarrand50@courrier.test
5840,Sekenan,Corkan,sekenan.corkan@courrier.test
5841,Vevina,Lanlin,vevina.lanlin@courrier.test
5842,Solisu,Valmar,solisu.valmar@exemple.org
5843,Pikenu,Havmar,pikenu.havmar@exemple.org
5844,Feboru,Tardis,feboru.tardis@courrier.test
5845,Arsenin,Ostdal,arsenin.ostdal@exemple.org
5846,Dulone,Sortier,dulone.sortier1@courrier.test
5847,Jusolea,Ostlais,jusolea.ostlais@exemple.org
5848,Kavenea,Wenvoir,kavenea.wenvoir@exemple.org
5849,Zosolea,Perkan,zosolea.perkan@mail.example
5850,Senora,Monnet,senora.monnet@exemple.org
5851,Lomarea,Galgren,lomarea.galgren@mail.example
5852,Bagaran,Pertier,bagaran.pertier@mail.example
5853,Banelu,Monver,banelu.monver32@exemple.org
5854,Minelo,Ravbert,minelo.ravbert@exemple.org
5855,Kamonel,Vallin,kamonel.vallin@courrier.test
5856,Kadaro,Rostier,kadaro.rostier@exemple.org
5857,Fenorin,Dungren,fenorin.dungren@courrier.test
5858,Zorelia,Landal,zorelia.landal@mail.example
5859,Tamonel,Havmer,tamonel.havmer@courrier.test
5860,Elkeno,Tormont,elkeno.tormont63@exemple.org
5861,Elsena,Havgren,elsena.havgren@exemple.org
5862,Elmaria,Brenlin,elmaria.brenlin@exemple.org
5863,Rilonia,Nevrand,rilonia.nevrand@courrier.test
5864,Ortaran,Valrand,ortaran.valrand@exemple.org
5865,Bagare,Gallais,bagare.gallais@courrier.test
5866,Pivine,Dornet,pivine.dornet@courrier.test
5867,Marisu,Valnet,marisu.valnet8@courrier.test
5868,Elvenin,Galmont,elvenin.galmont@courrier.test
5869,Orvalel,Tordal,orvalel.tordal@exemple.org
5870,Rimarin,Dunner,rimarin.dunner@exemple.org
5871,Duvinan,Dunlais,duvinan.dunlais@exemple.org
5872,Arnelel,Valbert,arnelel.valbert@mail.example
5873,Tasenan,Havlais,tasenan.havlais@exemple.org
5874,Dutelia,Pertier,dutelia.pertier68@mail.example
5875,Orrelu,Wenvane,orrelu.wenvane@exemple.org
5876,Midari,Sorrand,midari.sorrand@exemple.org
5877,Zosenin,Valsac,zosenin.valsac@mail.example
5878,Vemarel,Torrand,vemarel.torrand@mail.example
5879,Manorel,Wenlin,manorel.wenlin@courrier.test
5880,Juvenia,Lanner,juvenia.lanner@courrier.test
5881,Senoru,Brensac,senoru.brensac84@mail.example
5882,Yuloni,Valkan,yuloni.valkan@exemple.org
5883,Lomonan,Nevnet,lomonan.nevnet@courrier.test
5884,Zonori,Galvane,zonori.galvane@exemple.org
5885,Orsolia,Sorver,orsolia.sorver@exemple.org
5886,Feborea,Monmer,feborea.monmer@courrier.test
5887,Piseni,Sorbel,piseni.sorbel@courrier.test
5888,Ortaro,Galnet,ortaro.galnet32@exemple.org
5889,Pimare,Wenlin,pimare.wenlin@exemple.org
5890,Mavali,Langren,mavali.langren@exemple.org
5891,Miborin,Ostmont,miborin.ostmont@mail.example
5892,Masolel,Valbel,masolel.valbel@exemple.org
5893,Katelia,Ravver,katelia.ravver@exemple.org
5894,Midaran,Falvoir,midaran.falvoir@exemple.org
5895,Vevalea,Ostvane,vevalea.ostvane24@exemple.org
5896,Kasolan,Dorbel,kasolan.dorbel@exemple.org
5897,Piboro,Sormar,piboro.sormar@courrier.test
5898,Madari,Nevdis,madari.nevdis@exemple.org
5899,Zokenel,Landal,zokenel.landal@exemple.org
5900,Marelin,Lanlais,marelin.lanlais@exemple.org
5901,Feneli,Kellin,feneli.kellin@courrier.test
5902,Armara,Wentier,armara.wentier83@exemple.org
5903,Pivini,Falrand,pivini.falrand@exemple.org
5904,Elgare,Tarkan,elgare.tarkan@exemple.org
5905,Mivenin,Falner,mivenin.falner@courrier.test
5906,Pibora,Brenvoir,pibora.brenvoir@courrier.test
5907,Yusenia,Rosner,yusenia.rosner@mail.example
5908,Artela,Gallais,artela.gallais@mail.example
5909,Arlisu,Corsen,arlisu.corsen69@courrier.test
5910,Ridani,Sorsen,ridani.sorsen@mail.example
5911,Yulonel,Galsac,yulonel.galsac@exemple.org
5912,Jutelan,Ravtier,jutelan.ravtier@courrier.test
5913,Natelea,Havmont,natelea.havmont@exemple.org
5914,Judarin,Kelgren,judarin.kelgren@courrier.test
5915,Mitari,Kelgren,mitari.kelgren@exemple.org
5916,Junorin,Torbert,junorin.torbert84@exemple.org
5917,Ellise,Nevlais,ellise.nevlais@exemple.org
5918,Verisia,Falbel,verisia.falbel@mail.example
5919,Orrisa,Mondis,orrisa.mondis@exemple.org
5920,Migaru,Duntier,migaru.duntier@exemple.org
5921,Artelo,Corsen,artelo.corsen@courrier.test
5922,Pimarea,Rosner,pimarea.rosner@exemple.org
5923,Eldanan,Falmer,eldanan.falmer40@mail.example
5924,Verele,Brenrand,verele.brenrand@mail.example
5925,Kagarea,Ostdis,kagarea.ostdis@exemple.org
5926,Rineli,Corsen,rineli.corsen@courrier.test
5927,Malisia,Ravlin,malisia.ravlin@courrier.test
5928,Seboria,Sorbel,seboria.sorbel@courrier.test
5929,Losolia,Sorvane,losolia.sorvane@courrier.test
5930,Tadana,Gallais,tadana.gallais33@courrier.test
5931,Minoran,Valmer,minoran.valmer@exemple.org
5932,Senoran,Wengren,senoran.wengren@courrier.test
5933,Mimaran,Lanver,mimaran.lanver@exemple.org
5934,Kagarea,Valmar,kagarea.valmar@courrier.test
5935,Sesolo,Roslais,sesolo.roslais@courrier.test
5936,Elbori,Ostlin,elbori.ostlin@exemple.org
5937,Bavalu,Roslin,bavalu.roslin29@courrier.test
5938,Zolonan,Kelbert,zolonan.kelbert@mail.example
5939,Armonin,Corlais,armonin.corlais@courrier.test
5940,Elsolel,Brenvane,elsolel.brenvane@exemple.org
5941,Namonin,Brendis,namonin.brendis@exemple.org
5942,Fesole,Nevgren,fesole.nevgren@courrier.test
5943,Mabora,Ostnet,mabora.ostnet@exemple.org
5944,Talonin,Monrand,talonin.monrand45@exemple.org
5945,Lorelel,Ostlais,lorelel.ostlais@exemple.org
5946,Junela,Landis,junela.landis@courrier.test
5947,Sevinea,Monlais,sevinea.monlais@courrier.test
5948,Ridari,Havrand,ridari.havrand@exemple.org
5949,Ritelel,Lanlais,ritelel.lanlais@mail.example
5950,Arnorin,Havvane,arnorin.havvane@mail.example
5951,Pivalu,Falbert,pivalu.falbert33@exemple.org
5952,Zorisu,Faldal,zorisu.faldal@courrier.test
5953,Elgarea,Sormar,elgarea.sormar@exemple.org
5954,Fevinea,Nevmer,fevinea.nevmer@exemple.org
5955,Jumona,Monvane,jumona.monvane@mail.example
5956,Navenan,Tarmont,navenan.tarmont@exemple.org
5957,Midaran,Tormar,midaran.tormar@exemple.org
5958,Vetela,Sornet,vetela.sornet66@mail.example
5959,Misene,Perlin,misene.perlin@exemple.org
5960,Armari,Valsac,armari.valsac@exemple.org
5961,Loveni,Falver,loveni.falver@mail.example
5962,Yudari,Pergren,yudari.pergren@exemple.org
5963,Ormonan,Ostsac,ormonan.ostsac@exemple.org
5964,Lomaran,Havbel,lomaran.havbel@mail.example
5965,Elboran,Wenmer,elboran.wenmer94@exemple.org
5966,Kasenan,Sorvoir,kasenan.sorvoir@courrier.test
5967,Narelan,Lanmer,narelan.lanmer@exemple.org
5968,Bamonan,Kelvane,bamonan.kelvane@courrier.test
5969,Tatarin,Ravvoir,tatarin.ravvoir@exemple.org
5970,Tatarin,Monver,tatarin.monver@exemple.org
5971,Elnorel,Wentier,elnorel.wentier@exemple.org
5972,Sovalia,Wengren,sovalia.wengren74@mail.example
5973,Sogara,Cordis,sogara.cordis@courrier.test
5974,Midana,Valdal,midana.valdal@mail.example
5975,Sevinia,Ostsen,sevinia.ostsen@courrier.test
5976,Orbore,Brenrand,orbore.brenrand@exemple.org
5977,Vemonin,Valvoir,vemonin.valvoir@exemple.org
5978,Lonelia,Dungren,lonelia.dungren@exemple.org
5979,Natarin,Sorbert,natarin.sorbert32@exemple.org
5980,Verelo,Cordis,verelo.cordis@exemple.org
5981,Lodanu,Dormont,lodanu.dormont@exemple.org
5982,Elrele,Wenmont,elrele.wenmont@exemple.org
5983,Pivala,Dunmer,pivala.dunmer@courrier.test
5984,Tavenin,Galbel,tavenin.galbel@exemple.org
5985,Ardara,Monvoir,ardara.monvoir@courrier.test
5986,Judani,Wennet,judani.wennet71@exemple.org
5987,Sesolia,Galmar,sesolia.galmar@mail.example
5988,Mitaru,Landal,mitaru.landal@mail.example
5989,Elsolan,Sorbert,elsolan.sorbert@mail.example
5990,Fesola,Torlin,fesola.torlin@exemple.org
5991,Riborel,Valtier,riborel.valtier@exemple.org
5992,Yurisa,Nevsen,yurisa.nevsen@exemple.org
5993,Armonia,Galdal,armonia.galdal32@exemple.org
5994,Namonel,Corvane,namonel.corvane@mail.example
5995,Ornelu,Galtier,ornelu.galtier@courrier.test
5996,Ferelia,Landal,ferelia.landal@exemple.org
5997,Tabore,Lansac,tabore.lansac@exemple.org
5998,Karelin,Dorsen,karelin.dorsen@mail.example
5999,Arkeno,Dorver,arkeno.dorver@exemple.org
6000,Ortaria,Landis,ortaria.landis11@exemple.org
